"stored","consumed","remaining"
0.0,2.0000000298023224,40245.0
0.0,3.6000000834465027,40245.0
0.0,6.8000001311302185,40245.0
0.0,10.000000238418579,40245.0
596.0,12.000000357627869,39649.0
587.0,13.800000786781311,39649.0
586.0,17.20000147819519,39649.0
584.0,20.60000228881836,39649.0
1030.0,24.00000238418579,39189.0
1030.0,25.700002431869507,39189.0
1030.0,28.700003147125244,39189.0
1030.0,31.700003385543823,39189.0
1030.0,34.70000338554382,39189.0
1030.0,37.600003242492676,39189.0
1433.0,40.50000262260437,38775.0
1430.0,42.400002002716064,38775.0
1430.0,44.30000114440918,38775.0
1430.0,46.19999957084656,38775.0
1430.0,48.699997901916504,38775.0
1430.0,50.999995708465576,38775.0
1430.0,53.79999399185181,38775.0
1430.0,56.59999179840088,38775.0
1430.0,59.39998960494995,38775.0
1430.0,62.099987506866455,38775.0
1430.0,65.59998559951782,38775.0
1425.0,69.69998264312744,38775.0
1424.0,73.79997968673706,38775.0
1558.0,77.7999758720398,38641.0
1548.0,81.79997253417969,38641.0
1547.0,85.79996919631958,38641.0
1540.0,89.79996538162231,38641.0
1540.0,93.79996156692505,38641.0
2411.0,97.79995775222778,37768.0
2411.0,101.29995489120483,37768.0
3009.0,105.49995136260986,37158.0
3009.0,108.99994850158691,37158.0
3009.0,112.49994564056396,37158.0
3429.0,115.99994277954102,36707.0
4081.0,118.49994087219238,36055.0
4079.0,120.39994049072266,36055.0
4079.0,122.29994010925293,36055.0
4079.0,124.19994068145752,36055.0
4079.0,126.09994125366211,36055.0
4079.0,127.9999418258667,36055.0
4079.0,129.8999423980713,36055.0
4079.0,131.79994297027588,36055.0
4079.0,133.69994354248047,36055.0
4079.0,136.3999433517456,36055.0
4079.0,138.7999439239502,36055.0
4079.0,141.59994411468506,36055.0
4079.0,144.29994583129883,36055.0
4079.0,146.9999475479126,36055.0
4079.0,150.79994869232178,36055.0
4079.0,154.59994983673096,36055.0
4079.0,158.39995288848877,36055.0
4079.0,162.19995784759521,36055.0
4079.0,165.99996280670166,36055.0
4079.0,169.699969291687,36055.0
4079.0,173.39997577667236,36055.0
4079.0,177.09998226165771,36055.0
4079.0,180.79998874664307,36055.0
4048.0,184.49999523162842,36055.0
4276.0,188.20000171661377,35825.0
4276.0,192.2000093460083,35825.0
4275.0,196.60001850128174,35825.0
4275.0,201.0000295639038,35825.0
4275.0,205.30004119873047,35825.0
4242.0,209.60005378723145,35825.0
4226.0,214.80006790161133,35825.0
4934.0,219.00008010864258,35117.0
4926.0,223.20009231567383,35117.0
4926.0,227.40010452270508,35117.0
5799.0,231.60011672973633,34241.0
5799.0,234.80012702941895,34241.0
5797.0,237.90013694763184,34241.0
5796.0,241.70014762878418,34241.0
5796.0,244.60015678405762,34241.0
5922.0,247.3001651763916,34106.0
5922.0,249.80017471313477,34106.0
5919.0,253.00018501281738,34106.0
5917.0,256.2001953125,34106.0
5917.0,259.4002056121826,34106.0
5917.0,262.60021591186523,34106.0
5917.0,265.6002254486084,34106.0
5873.0,269.6002368927002,34106.0
6088.0,273.50024795532227,33872.0
6088.0,276.1002559661865,33872.0
6078.0,279.7002658843994,33872.0
6078.0,282.9002742767334,33872.0
6464.0,285.7002830505371,33484.0
6464.0,288.4002914428711,33484.0
7428.0,291.8002986907959,32509.0
7423.0,294.40030670166016,32509.0
7422.0,297.0003147125244,32509.0
7422.0,299.5003204345703,32509.0
7422.0,302.70033073425293,32509.0
7422.0,306.5003414154053,32509.0
7422.0,310.3003520965576,32509.0
7418.0,314.00036239624023,32509.0
7418.0,317.70037269592285,32509.0
8356.0,320.2003803253174,31544.0
9119.0,322.7003879547119,30780.0
9118.0,324.6003932952881,30780.0
9118.0,326.50039863586426,30780.0
9118.0,328.20040130615234,30780.0
9118.0,331.2004108428955,30780.0
9118.0,334.2004222869873,30780.0
9118.0,337.1004333496094,30780.0
9118.0,340.0004425048828,30780.0
9118.0,342.90045166015625,30780.0
9118.0,345.70046043395996,30780.0
9108.0,349.9004764556885,30780.0
9108.0,354.100492477417,30780.0
9691.0,357.80050468444824,30185.0
9681.0,360.60051345825195,30185.0
10014.0,364.30052757263184,29852.0
10000.0,367.00053787231445,29852.0
9999.0,369.70054626464844,29852.0
9999.0,372.40055656433105,29852.0
9999.0,375.1005668640137,29852.0
9999.0,377.8005771636963,29852.0
9983.0,380.5005874633789,29852.0
9983.0,384.3006019592285,29852.0
10855.0,386.90060806274414,28977.0
10855.0,390.1006202697754,28977.0
10853.0,393.30063247680664,28977.0
10851.0,396.5006446838379,28977.0
10851.0,399.70065689086914,28977.0
10851.0,402.80066680908203,28977.0
10846.0,406.4006767272949,28977.0
11120.0,410.8006935119629,28684.0
11117.0,414.00070571899414,28684.0
11116.0,417.2007179260254,28684.0
11116.0,420.40073013305664,28684.0
11116.0,423.50074005126953,28684.0
11116.0,427.30075454711914,28684.0
11116.0,431.10076904296875,28684.0
11116.0,434.90078353881836,28684.0
11116.0,438.70079803466797,28684.0
11064.0,442.5008125305176,28684.0
12105.0,446.3008270263672,27638.0
12105.0,448.3008346557617,27638.0
12105.0,450.30084228515625,27638.0
12105.0,452.3008499145508,27638.0
12105.0,454.1008529663086,27638.0
12105.0,456.7008590698242,27638.0
12105.0,459.700870513916,27638.0
12105.0,462.7008819580078,27638.0
12105.0,465.7008934020996,27638.0
12105.0,468.7009048461914,27638.0
12105.0,471.7009162902832,27638.0
12096.0,474.60092544555664,27638.0
12507.0,478.2009391784668,27214.0
12506.0,480.8009490966797,27214.0
12506.0,483.3009567260742,27214.0
12506.0,486.4009666442871,27214.0
12506.0,489.8009796142578,27214.0
12506.0,493.3009910583496,27214.0
12506.0,496.60100173950195,27214.0
12506.0,500.10101318359375,27214.0
12506.0,503.4010238647461,27214.0
12506.0,506.70103454589844,27214.0
12506.0,510.0010452270508,27214.0
12506.0,514.5010604858398,27214.0
12506.0,518.7010765075684,27214.0
12506.0,522.9010925292969,27214.0
12467.0,527.001106262207,27214.0
13913.0,531.1011199951172,25765.0
13913.0,533.9011268615723,25765.0
13910.0,536.9011344909668,25765.0
13910.0,539.0011405944824,25765.0
13909.0,542.4011535644531,25765.0
13909.0,546.1011581420898,25765.0
13909.0,550.5011672973633,25765.0
13905.0,554.9011764526367,25765.0
14369.0,559.3011856079102,25301.0
14367.0,562.7011947631836,25301.0
14367.0,566.101203918457,25301.0
14367.0,569.5012130737305,25301.0
14367.0,572.9012222290039,25301.0
14367.0,576.3012313842773,25301.0
14354.0,579.7012405395508,25301.0
14470.0,583.0012474060059,25172.0
14470.0,585.6012535095215,25172.0
14470.0,588.2012596130371,25172.0
14470.0,590.8012619018555,25172.0
14470.0,593.4012641906738,25172.0
14470.0,595.9012641906738,25172.0
14470.0,598.4012603759766,25172.0
14470.0,600.9012565612793,25172.0
14470.0,603.401252746582,25172.0
14470.0,605.7012519836426,25172.0
14470.0,608.0012512207031,25172.0
14470.0,610.3012504577637,25172.0
14470.0,612.6012496948242,25172.0
14470.0,614.9012489318848,25172.0
14449.0,617.2012481689453,25172.0
14449.0,619.5012474060059,25172.0
15441.0,622.601245880127,24178.0
15441.0,626.0012359619141,24178.0
15440.0,629.4012260437012,24178.0
15440.0,632.801212310791,24178.0
15440.0,636.2011985778809,24178.0
15440.0,639.6011848449707,24178.0
15440.0,643.0011711120605,24178.0
15440.0,646.4011573791504,24178.0
15440.0,649.8011436462402,24178.0
15440.0,653.1011238098145,24178.0
15440.0,656.8011016845703,24178.0
15440.0,658.7010841369629,24178.0
15440.0,660.6010665893555,24178.0
15440.0,663.5010375976562,24178.0
15440.0,666.401008605957,24178.0
15440.0,669.1009826660156,24178.0
15440.0,673.3009452819824,24178.0
15440.0,677.5009078979492,24178.0
15440.0,681.700870513916,24178.0
15440.0,685.9008331298828,24178.0
15440.0,690.1007957458496,24178.0
16226.0,694.3007583618164,23392.0
16226.0,697.3007278442383,23392.0
16226.0,700.2006912231445,23392.0
16226.0,703.1006546020508,23392.0
16226.0,706.000617980957,23392.0
16468.0,707.8005905151367,23150.0
16468.0,709.6005630493164,23150.0
16468.0,711.300537109375,23150.0
16468.0,714.3004989624023,23150.0
16468.0,717.3004608154297,23150.0
16468.0,720.300422668457,23150.0
16468.0,723.3003845214844,23150.0
16468.0,726.3003463745117,23150.0
16468.0,729.3003082275391,23150.0
16468.0,732.3002700805664,23150.0
16468.0,735.3002319335938,23150.0
16468.0,738.3001937866211,23150.0
16468.0,741.3001556396484,23150.0
16468.0,744.3001174926758,23150.0
16468.0,747.3000793457031,23150.0
16468.0,750.3000411987305,23150.0
16468.0,753.2000045776367,23150.0
16468.0,756.599967956543,23150.0
16396.0,759.9999313354492,23150.0
17269.0,763.3998947143555,22274.0
17266.0,765.7998657226562,22274.0
17265.0,768.9998321533203,22274.0
17265.0,772.5997924804688,22274.0
17265.0,776.1997528076172,22274.0
17265.0,779.7997131347656,22274.0
17265.0,783.3996734619141,22274.0
17265.0,786.9996337890625,22274.0
17265.0,790.5995941162109,22274.0
17265.0,794.0995559692383,22274.0
17265.0,798.2995147705078,22274.0
17265.0,802.3994750976562,22274.0
17265.0,806.4994354248047,22274.0
17265.0,810.5993957519531,22274.0
17265.0,814.6993560791016,22274.0
17265.0,818.79931640625,22274.0
17265.0,822.8992767333984,22274.0
17198.0,826.9992370605469,22274.0
17398.0,830.8992004394531,22072.0
17397.0,833.399169921875,22072.0
17397.0,835.8991394042969,22072.0
17397.0,838.3991088867188,22072.0
17397.0,840.8990783691406,22072.0
17397.0,843.1990509033203,22072.0
17397.0,846.1990127563477,22072.0
17397.0,849.0989761352539,22072.0
17397.0,852.6989364624023,22072.0
17397.0,856.2988967895508,22072.0
17397.0,859.8988571166992,22072.0
17397.0,863.4988174438477,22072.0
17397.0,867.0987777709961,22072.0
17397.0,870.5987396240234,22072.0
17397.0,874.0987014770508,22072.0
18336.0,877.5986633300781,21133.0
18336.0,880.4986267089844,21133.0
18336.0,883.3985900878906,21133.0
18336.0,886.2985534667969,21133.0
18336.0,889.1985168457031,21133.0
18336.0,892.0984802246094,21133.0
18336.0,894.9984436035156,21133.0
18336.0,897.8984069824219,21133.0
18336.0,900.7983703613281,21133.0
18336.0,903.6983337402344,21133.0
18278.0,906.5982971191406,21133.0
18417.0,908.4982681274414,20991.0
18414.0,910.3982391357422,20991.0
18414.0,912.298210144043,20991.0
18414.0,914.3981781005859,20991.0
18414.0,917.7981338500977,20991.0
18414.0,921.1980895996094,20991.0
18414.0,924.5980453491211,20991.0
18414.0,927.9980010986328,20991.0
18414.0,931.2979583740234,20991.0
18414.0,934.5979156494141,20991.0
18414.0,937.8978729248047,20991.0
18414.0,941.1978302001953,20991.0
18414.0,944.4977874755859,20991.0
18414.0,947.7977447509766,20991.0
18414.0,951.0977020263672,20991.0
18414.0,954.3976593017578,20991.0
18414.0,957.4976196289062,20991.0
18414.0,960.5975799560547,20991.0
18414.0,963.6975402832031,20991.0
18414.0,966.7975006103516,20991.0
18414.0,969.9974594116211,20991.0
18414.0,973.0974197387695,20991.0
18414.0,976.0973815917969,20991.0
18414.0,979.0973434448242,20991.0
18414.0,982.9972991943359,20991.0
18414.0,984.6972732543945,20991.0
18414.0,986.6972427368164,20991.0
18414.0,989.4972076416016,20991.0
18414.0,992.2971725463867,20991.0
18414.0,995.0971374511719,20991.0
18414.0,997.897102355957,20991.0
18414.0,1000.6970672607422,20991.0
18359.0,1003.4970321655273,20991.0
18357.0,1006.2969970703125,20991.0
18357.0,1009.0969619750977,20991.0
18357.0,1011.8969268798828,20991.0
18357.0,1014.696891784668,20991.0
18357.0,1017.4968566894531,20991.0
18357.0,1020.2968215942383,20991.0
18357.0,1023.0967864990234,20991.0
18357.0,1025.8967514038086,20991.0
18357.0,1028.6967163085938,20991.0
18357.0,1031.496681213379,20991.0
18357.0,1034.296646118164,20991.0
18357.0,1037.0966110229492,20991.0
18357.0,1039.8965759277344,20991.0
18343.0,1042.4965362548828,20991.0
18343.0,1045.5964965820312,20991.0
18342.0,1048.6964569091797,20991.0
18342.0,1051.7964172363281,20991.0
18342.0,1054.8963775634766,20991.0
18342.0,1057.996337890625,20991.0
18342.0,1060.7963027954102,20991.0
18342.0,1064.6962585449219,20991.0
18342.0,1067.396224975586,20991.0
18271.0,1071.0961837768555,20991.0
19079.0,1074.796142578125,20183.0
19078.0,1076.4961166381836,20183.0
19078.0,1079.7960739135742,20183.0
19057.0,1083.3960266113281,20183.0
19053.0,1086.995979309082,20183.0
18965.0,1090.595932006836,20183.0
19202.0,1092.4959030151367,19946.0
19161.0,1094.2958755493164,19946.0
19161.0,1096.095848083496,19946.0
19102.0,1097.8958206176758,19946.0
19101.0,1100.2957916259766,19946.0
19101.0,1103.6957473754883,19946.0
19087.0,1107.095703125,19946.0
19087.0,1110.4956588745117,19946.0
19780.0,1112.4956283569336,19248.0
19780.0,1114.4955978393555,19248.0
19780.0,1116.4955673217773,19248.0
19780.0,1118.4955368041992,19248.0
19780.0,1120.495506286621,19248.0
19780.0,1122.495475769043,19248.0
19780.0,1124.4954452514648,19248.0
19780.0,1126.4954147338867,19248.0
19780.0,1128.4953842163086,19248.0
19780.0,1130.4953536987305,19248.0
19780.0,1132.4953231811523,19248.0
19780.0,1134.295295715332,19248.0
19780.0,1136.0952682495117,19248.0
19780.0,1137.8952407836914,19248.0
19780.0,1139.695213317871,19248.0
19780.0,1141.3951873779297,19248.0
19780.0,1144.395149230957,19248.0
19780.0,1147.3951110839844,19248.0
19780.0,1150.3950729370117,19248.0
19780.0,1153.395034790039,19248.0
19780.0,1156.3949966430664,19248.0
19780.0,1159.2949600219727,19248.0
19780.0,1163.0949172973633,19248.0
19780.0,1166.894874572754,19248.0
19780.0,1170.6948318481445,19248.0
19780.0,1174.4947891235352,19248.0
19780.0,1178.2947463989258,19248.0
19780.0,1182.0947036743164,19248.0
19780.0,1185.894660949707,19248.0
19745.0,1189.6946182250977,19248.0
19745.0,1193.3945693969727,19248.0
20529.0,1197.0945205688477,18460.0
20529.0,1199.7944793701172,18460.0
20529.0,1202.4944381713867,18460.0
20518.0,1205.1943969726562,18460.0
20501.0,1207.8943557739258,18460.0
20501.0,1210.5943145751953,18460.0
20922.0,1213.2942733764648,18036.0
20922.0,1215.1942443847656,18036.0
20921.0,1217.0942153930664,18036.0
20921.0,1218.794189453125,18036.0
20921.0,1221.1941604614258,18036.0
20921.0,1224.5941162109375,18036.0
20921.0,1227.9940719604492,18036.0
20921.0,1231.394027709961,18036.0
20921.0,1234.7939834594727,18036.0
20921.0,1238.1939392089844,18036.0
20921.0,1241.593894958496,18036.0
20921.0,1244.9938507080078,18036.0
20921.0,1248.3938064575195,18036.0
20921.0,1251.4937744140625,18036.0
20921.0,1254.693733215332,18036.0
20921.0,1257.7936935424805,18036.0
20921.0,1261.7936477661133,18036.0
20921.0,1265.793601989746,18036.0
20921.0,1269.7935485839844,18036.0
20921.0,1273.7934951782227,18036.0
20921.0,1277.793441772461,18036.0
20921.0,1281.6933822631836,18036.0
20921.0,1285.3933410644531,18036.0
20921.0,1287.793327331543,18036.0
20921.0,1290.393310546875,18036.0
20921.0,1293.1932907104492,18036.0
20921.0,1297.1932373046875,18036.0
20921.0,1301.1931838989258,18036.0
20921.0,1305.0931396484375,18036.0
21835.0,1309.89306640625,17050.0
21835.0,1313.4930114746094,17050.0
21834.0,1316.8929595947266,17050.0
21834.0,1320.492904663086,17050.0
21834.0,1324.0928497314453,17050.0
21834.0,1327.5927963256836,17050.0
22360.0,1331.0927429199219,16491.0
23092.0,1333.7927017211914,15758.0
23092.0,1335.6926727294922,15758.0
23092.0,1337.592643737793,15758.0
23092.0,1339.4926147460938,15758.0
23092.0,1341.3925857543945,15758.0
23092.0,1343.2925567626953,15758.0
23092.0,1345.192527770996,15758.0
23092.0,1347.0924987792969,15758.0
23092.0,1348.9924697875977,15758.0
23092.0,1350.8924407958984,15758.0
23092.0,1352.7924118041992,15758.0
23092.0,1354.6923828125,15758.0
23092.0,1356.5923538208008,15758.0
23092.0,1358.2923278808594,15758.0
23092.0,1359.992301940918,15758.0
23092.0,1361.6922760009766,15758.0
23092.0,1363.3922500610352,15758.0
23092.0,1365.0922241210938,15758.0
23092.0,1367.6922073364258,15758.0
23092.0,1371.0921630859375,15758.0
23092.0,1374.4921112060547,15758.0
23092.0,1377.8920593261719,15758.0
23092.0,1381.292007446289,15758.0
23092.0,1384.4919738769531,15758.0
23092.0,1387.8919372558594,15758.0
23092.0,1390.3919067382812,15758.0
23092.0,1392.2918853759766,15758.0
23092.0,1393.7918701171875,15758.0
23092.0,1395.2918548583984,15758.0
23092.0,1398.2918090820312,15758.0
23092.0,1401.6917572021484,15758.0
23092.0,1404.8917236328125,15758.0
23092.0,1408.6916809082031,15758.0
23092.0,1410.7916564941406,15758.0
23092.0,1412.691635131836,15758.0
23092.0,1415.5915985107422,15758.0
23092.0,1418.6915588378906,15758.0
23092.0,1422.6914978027344,15758.0
23092.0,1426.6914367675781,15758.0
23092.0,1430.6913757324219,15758.0
23092.0,1434.6913146972656,15758.0
23092.0,1438.6912536621094,15758.0
23092.0,1442.6911926269531,15758.0
23092.0,1446.6911315917969,15758.0
23092.0,1450.6910705566406,15758.0
23092.0,1454.6910095214844,15758.0
23092.0,1458.6909484863281,15758.0
23092.0,1462.6908874511719,15758.0
24046.0,1466.590835571289,14804.0
24046.0,1469.2908172607422,14804.0
24046.0,1472.790771484375,14804.0
24014.0,1475.6907348632812,14804.0
24014.0,1479.4906768798828,14804.0
24014.0,1481.9906463623047,14804.0
24014.0,1484.9906158447266,14804.0
24793.0,1488.590560913086,14025.0
24750.0,1490.9905242919922,14025.0
24749.0,1493.7904815673828,14025.0
24748.0,1496.5904388427734,14025.0
24748.0,1499.2904052734375,14025.0
24748.0,1502.6903533935547,14025.0
24748.0,1506.0903015136719,14025.0
24748.0,1509.490249633789,14025.0
24748.0,1512.8901977539062,14025.0
24748.0,1516.2901458740234,14025.0
24748.0,1519.6900939941406,14025.0
24748.0,1523.0900421142578,14025.0
24748.0,1526.3899993896484,14025.0
24748.0,1529.689956665039,14025.0
24748.0,1532.9899139404297,14025.0
