"stored","consumed","remaining"
0.0,2.0000000298023224,41142.0
0.0,4.000000059604645,41142.0
0.0,5.800000190734863,41142.0
0.0,8.400000214576721,41142.0
0.0,12.000000357627869,41142.0
0.0,15.600001096725464,41142.0
49.0,19.20000183582306,41093.0
928.0,21.900002360343933,40200.0
928.0,23.800002336502075,40200.0
928.0,25.700002312660217,40200.0
928.0,28.000002145767212,40200.0
928.0,29.900002121925354,40200.0
928.0,32.300002098083496,40200.0
928.0,34.80000138282776,40200.0
1837.0,38.20000147819519,39291.0
1837.0,40.20000123977661,39291.0
1837.0,42.20000076293945,39291.0
1837.0,43.59999966621399,39291.0
1837.0,47.19999837875366,39291.0
1837.0,50.79999542236328,39291.0
1817.0,54.3999924659729,39291.0
1817.0,57.599989891052246,39291.0
2144.0,60.79998731613159,38950.0
2144.0,63.999985218048096,38950.0
2144.0,67.1999831199646,38950.0
2144.0,70.39998054504395,38950.0
2144.0,73.39997816085815,38950.0
2115.0,77.79997444152832,38950.0
2111.0,82.19997024536133,38950.0
2973.0,86.59996604919434,38088.0
2955.0,89.69996356964111,38088.0
3945.0,93.09996128082275,37092.0
3945.0,95.59995937347412,37092.0
3941.0,98.09995746612549,37092.0
3941.0,100.59995555877686,37092.0
3941.0,103.09995365142822,37092.0
4776.0,105.59995174407959,36250.0
4775.0,108.49994945526123,36250.0
4775.0,110.8999490737915,36250.0
4775.0,114.49994564056396,36250.0
4775.0,118.09994220733643,36250.0
4775.0,121.69993877410889,36250.0
4775.0,125.29993629455566,36250.0
4753.0,128.89993476867676,36250.0
4753.0,132.39993381500244,36250.0
5021.0,134.99993228912354,35971.0
5016.0,137.59993171691895,35971.0
5011.0,139.99993228912354,35971.0
5011.0,142.49993228912354,35971.0
5011.0,144.99993228912354,35971.0
5011.0,147.49993228912354,35971.0
5011.0,149.99993324279785,35971.0
5011.0,152.29993629455566,35971.0
5011.0,154.59993934631348,35971.0
5000.0,156.8999423980713,35971.0
5443.0,158.79994583129883,35527.0
5442.0,161.79994773864746,35527.0
5442.0,164.7999505996704,35527.0
5442.0,167.59995555877686,35527.0
5442.0,171.59996032714844,35527.0
5442.0,175.59996604919434,35527.0
5442.0,179.59997272491455,35527.0
5442.0,183.59997940063477,35527.0
5442.0,187.5999879837036,35527.0
5442.0,191.59999656677246,35527.0
5434.0,195.60000801086426,35527.0
6000.0,199.30001831054688,34940.0
5998.0,202.2000274658203,34940.0
5998.0,205.10003662109375,34940.0
5977.0,208.0000457763672,34940.0
5977.0,210.90005493164062,34940.0
6264.0,213.80006408691406,34637.0
6264.0,215.70007133483887,34637.0
6260.0,217.60007858276367,34637.0
6256.0,219.50008583068848,34637.0
6256.0,221.40009307861328,34637.0
6252.0,223.4001007080078,34637.0
6252.0,225.30010795593262,34637.0
6249.0,227.1001148223877,34637.0
6249.0,229.20012283325195,34637.0
6247.0,230.9001293182373,34637.0
6246.0,233.50013732910156,34637.0
6246.0,236.400146484375,34637.0
6246.0,239.40015602111816,34637.0
6246.0,242.3001651763916,34637.0
6246.0,246.10017585754395,34637.0
6246.0,249.9001865386963,34637.0
6246.0,253.70019721984863,34637.0
6246.0,257.500207901001,34637.0
6246.0,261.10021781921387,34637.0
6239.0,264.60022735595703,34637.0
6358.0,268.00023651123047,34496.0
6355.0,272.00024795532227,34496.0
6355.0,276.0002613067627,34496.0
6352.0,280.0002746582031,34496.0
6323.0,284.00028800964355,34496.0
6321.0,288.000301361084,34496.0
7291.0,291.6003131866455,33524.0
7291.0,294.7003231048584,33524.0
7289.0,297.80033111572266,33524.0
7283.0,300.9003429412842,33524.0
7270.0,304.0003547668457,33524.0
7234.0,307.1003665924072,33524.0
8071.0,310.0003776550293,32678.0
8062.0,311.9003849029541,32678.0
8053.0,313.8003921508789,32678.0
8044.0,315.7003974914551,32678.0
8044.0,317.6004047393799,32678.0
8035.0,319.5004119873047,32678.0
8035.0,321.4004192352295,32678.0
8026.0,323.3004264831543,32678.0
8017.0,325.2004337310791,32678.0
8008.0,327.1004409790039,32678.0
7999.0,329.0004482269287,32678.0
7990.0,330.9004554748535,32678.0
7981.0,332.8004627227783,32678.0
7972.0,334.7004699707031,32678.0
7972.0,336.60047721862793,32678.0
7963.0,338.50048446655273,32678.0
7963.0,340.40049171447754,32678.0
7954.0,342.30049896240234,32678.0
7945.0,344.20050621032715,32678.0
7936.0,346.10051345825195,32678.0
7936.0,348.00052070617676,32678.0
7927.0,349.90052795410156,32678.0
7918.0,351.80053520202637,32678.0
7918.0,353.7005424499512,32678.0
7909.0,355.600549697876,32678.0
7900.0,357.5005569458008,32678.0
7891.0,359.40056228637695,32678.0
7882.0,361.30056953430176,32678.0
7873.0,363.20057678222656,32678.0
7873.0,365.10058212280273,32678.0
7864.0,367.0005874633789,32678.0
7855.0,368.9005928039551,32678.0
7846.0,370.80059814453125,32678.0
7846.0,372.7006034851074,32678.0
7837.0,374.6006088256836,32678.0
7828.0,376.50061416625977,32678.0
7819.0,378.40061950683594,32678.0
7810.0,380.3006248474121,32678.0
7801.0,382.2006301879883,32678.0
7792.0,384.10063552856445,32678.0
7783.0,386.0006408691406,32678.0
7774.0,387.9006462097168,32678.0
7765.0,389.80065155029297,32678.0
7756.0,391.70065689086914,32678.0
7747.0,393.6006622314453,32678.0
7738.0,395.5006675720215,32678.0
7738.0,397.40067291259766,32678.0
7729.0,399.3006782531738,32678.0
7720.0,401.20068359375,32678.0
7711.0,403.1006889343262,32678.0
7711.0,405.00069427490234,32678.0
7702.0,406.9006996154785,32678.0
7693.0,408.8007049560547,32678.0
7693.0,410.70071029663086,32678.0
7684.0,412.60071563720703,32678.0
7675.0,414.5007209777832,32678.0
7675.0,416.4007263183594,32678.0
7666.0,418.30073165893555,32678.0
7657.0,420.2007369995117,32678.0
7648.0,422.1007423400879,32678.0
7648.0,424.00074768066406,32678.0
7639.0,425.90075302124023,32678.0
7639.0,427.8007583618164,32678.0
7630.0,429.7007637023926,32678.0
7621.0,431.60076904296875,32678.0
7612.0,433.5007743835449,32678.0
7612.0,435.4007797241211,32678.0
7603.0,437.30078506469727,32678.0
7594.0,439.20079040527344,32678.0
7594.0,441.1007957458496,32678.0
7585.0,443.0008010864258,32678.0
7585.0,444.90080642700195,32678.0
7576.0,446.8008117675781,32678.0
7576.0,448.7008171081543,32678.0
7567.0,450.60082244873047,32678.0
7558.0,452.50082778930664,32678.0
7558.0,454.4008331298828,32678.0
7549.0,456.300838470459,32678.0
7540.0,458.20084381103516,32678.0
7540.0,460.1008491516113,32678.0
7531.0,462.0008544921875,32678.0
7522.0,463.9008598327637,32678.0
7522.0,465.80086517333984,32678.0
7513.0,467.700870513916,32678.0
7504.0,469.6008758544922,32678.0
7495.0,471.50088119506836,32678.0
7486.0,473.40088653564453,32678.0
7477.0,475.3008918762207,32678.0
7468.0,477.2008972167969,32678.0
7459.0,479.10090255737305,32678.0
7459.0,481.0009078979492,32678.0
7450.0,482.9009132385254,32678.0
7450.0,484.80091857910156,32678.0
7441.0,486.70092391967773,32678.0
7441.0,488.6009292602539,32678.0
7432.0,490.5009346008301,32678.0
7423.0,492.40093994140625,32678.0
7423.0,494.3009452819824,32678.0
7414.0,496.2009506225586,32678.0
7405.0,498.10095596313477,32678.0
7405.0,500.00096130371094,32678.0
7396.0,501.9009666442871,32678.0
7387.0,503.8009719848633,32678.0
7378.0,505.70097732543945,32678.0
7378.0,507.6009826660156,32678.0
7369.0,509.5009880065918,32678.0
7369.0,511.40099334716797,32678.0
7360.0,513.3009986877441,32678.0
7351.0,515.2010040283203,32678.0
7342.0,517.1010093688965,32678.0
7342.0,519.0010147094727,32678.0
7333.0,520.9010200500488,32678.0
7324.0,522.801025390625,32678.0
7315.0,524.7010307312012,32678.0
7315.0,526.6010360717773,32678.0
7306.0,528.5010414123535,32678.0
7297.0,530.4010467529297,32678.0
7288.0,532.3010520935059,32678.0
7279.0,534.201057434082,32678.0
7279.0,536.1010627746582,32678.0
7270.0,538.0010681152344,32678.0
7261.0,539.9010734558105,32678.0
7252.0,541.8010787963867,32678.0
7243.0,543.7010841369629,32678.0
7234.0,545.6010894775391,32678.0
7225.0,547.5010948181152,32678.0
7225.0,549.4011001586914,32678.0
7216.0,551.3011054992676,32678.0
7207.0,553.2011108398438,32678.0
7207.0,555.1011161804199,32678.0
7198.0,557.0011215209961,32678.0
7189.0,558.9011268615723,32678.0
7180.0,560.8011322021484,32678.0
7171.0,562.7011375427246,32678.0
7171.0,564.6011390686035,32678.0
7162.0,566.5011405944824,32678.0
7162.0,568.4011421203613,32678.0
7153.0,570.3011436462402,32678.0
7144.0,572.2011451721191,32678.0
7135.0,574.101146697998,32678.0
7126.0,576.001148223877,32678.0
7126.0,577.9011497497559,32678.0
7117.0,579.8011512756348,32678.0
7108.0,581.7011528015137,32678.0
7099.0,583.6011505126953,32678.0
7090.0,585.501148223877,32678.0
7090.0,587.4011459350586,32678.0
7081.0,589.3011436462402,32678.0
7072.0,591.2011413574219,32678.0
7072.0,593.1011390686035,32678.0
7063.0,595.0011367797852,32678.0
7054.0,596.9011344909668,32678.0
7045.0,598.8011322021484,32678.0
7036.0,600.7011299133301,32678.0
7027.0,602.6011238098145,32678.0
7018.0,604.5011138916016,32678.0
7018.0,606.4011039733887,32678.0
7009.0,608.3010940551758,32678.0
7000.0,610.2010841369629,32678.0
7000.0,612.10107421875,32678.0
6991.0,614.0010643005371,32678.0
6991.0,615.9010543823242,32678.0
6982.0,617.8010444641113,32678.0
6973.0,619.7010307312012,32678.0
6973.0,621.601016998291,32678.0
6964.0,623.5010032653809,32678.0
6955.0,625.4009895324707,32678.0
6946.0,627.3009757995605,32678.0
6946.0,629.2009620666504,32678.0
6937.0,631.1009483337402,32678.0
6928.0,633.0009346008301,32678.0
6928.0,634.9009208679199,32678.0
6919.0,636.8009071350098,32678.0
6910.0,638.7008934020996,32678.0
6910.0,640.6008796691895,32678.0
6901.0,642.5008659362793,32678.0
6892.0,644.4008522033691,32678.0
6883.0,646.3008346557617,32678.0
6874.0,648.2008171081543,32678.0
6865.0,650.1007995605469,32678.0
6856.0,652.0007820129395,32678.0
6856.0,653.9007606506348,32678.0
6847.0,655.8007392883301,32678.0
6847.0,657.7007179260254,32678.0
6838.0,659.6006965637207,32678.0
6829.0,661.500675201416,32678.0
6820.0,663.4006538391113,32678.0
6820.0,665.3006286621094,32678.0
6811.0,667.2006034851074,32678.0
6802.0,669.1005783081055,32678.0
6802.0,671.0005531311035,32678.0
6793.0,672.9005241394043,32678.0
6784.0,674.8004951477051,32678.0
6784.0,676.7004661560059,32678.0
6775.0,678.6004371643066,32678.0
6766.0,680.5004081726074,32678.0
6757.0,682.4003791809082,32678.0
6748.0,684.300350189209,32678.0
6739.0,686.2003211975098,32678.0
6739.0,688.1002922058105,32678.0
6730.0,690.0002632141113,32678.0
6730.0,691.9002342224121,32678.0
6721.0,693.8002052307129,32678.0
6712.0,695.7001762390137,32678.0
6703.0,697.6001472473145,32678.0
6694.0,699.5001182556152,32678.0
6694.0,701.400089263916,32678.0
6685.0,703.3000602722168,32678.0
6676.0,705.2000312805176,32678.0
6667.0,707.1000022888184,32678.0
6667.0,708.9999732971191,32678.0
6658.0,710.8999443054199,32678.0
6649.0,712.7999153137207,32678.0
6640.0,714.6998863220215,32678.0
6631.0,716.5998573303223,32678.0
6622.0,718.499828338623,32678.0
6622.0,720.3997993469238,32678.0
6613.0,722.2997703552246,32678.0
6604.0,724.1997413635254,32678.0
6604.0,726.0997123718262,32678.0
6595.0,727.999683380127,32678.0
6586.0,729.8996543884277,32678.0
6577.0,731.7996253967285,32678.0
6568.0,733.6995964050293,32678.0
6568.0,735.5995674133301,32678.0
6559.0,737.4995384216309,32678.0
6559.0,739.3995094299316,32678.0
6550.0,741.2994804382324,32678.0
6541.0,743.1994514465332,32678.0
6541.0,745.099422454834,32678.0
6532.0,746.9993934631348,32678.0
6523.0,748.8993644714355,32678.0
6514.0,750.7993354797363,32678.0
6505.0,752.6993064880371,32678.0
6496.0,754.5992774963379,32678.0
6487.0,756.4992485046387,32678.0
6487.0,758.3992195129395,32678.0
6478.0,760.2991905212402,32678.0
6469.0,762.199161529541,32678.0
6460.0,764.0991325378418,32678.0
6451.0,765.9991035461426,32678.0
6451.0,767.8990745544434,32678.0
6442.0,769.7990455627441,32678.0
6433.0,771.6990165710449,32678.0
6424.0,773.5989875793457,32678.0
6424.0,775.4989585876465,32678.0
6415.0,777.3989295959473,32678.0
6406.0,779.298900604248,32678.0
6397.0,781.1988716125488,32678.0
6397.0,783.0988426208496,32678.0
6388.0,784.9988136291504,32678.0
6388.0,786.8987846374512,32678.0
6379.0,788.798755645752,32678.0
6370.0,790.6987266540527,32678.0
6361.0,792.5986976623535,32678.0
6352.0,794.4986686706543,32678.0
6352.0,796.3986396789551,32678.0
6343.0,798.2986106872559,32678.0
6343.0,800.1985816955566,32678.0
6334.0,802.0985527038574,32678.0
6325.0,803.9985237121582,32678.0
6316.0,805.898494720459,32678.0
6316.0,807.7984657287598,32678.0
6307.0,809.6984367370605,32678.0
6298.0,811.5984077453613,32678.0
6289.0,813.4983787536621,32678.0
