"stored","consumed","remaining"
0.0,1.8000000268220901,38108.0
748.0,4.600000083446503,37360.0
748.0,6.600000202655792,37360.0
748.0,8.200000286102295,37360.0
747.0,11.300000369548798,37360.0
747.0,14.3000009059906,37360.0
943.0,17.300001621246338,37157.0
941.0,19.000001788139343,37157.0
941.0,21.800002336502075,37157.0
941.0,24.800002813339233,37157.0
941.0,27.700003147125244,37157.0
941.0,31.500003576278687,37157.0
1613.0,35.30000376701355,36472.0
1610.0,38.00000333786011,36472.0
1610.0,40.60000252723694,36472.0
1610.0,43.20000100135803,36472.0
1610.0,47.29999923706055,36472.0
2549.0,51.69999694824219,35522.0
3217.0,55.29999399185181,34837.0
3217.0,57.299992084503174,34837.0
3217.0,59.29999017715454,34837.0
3217.0,61.19998836517334,34837.0
3217.0,63.799986839294434,34837.0
3217.0,66.39998483657837,34837.0
3217.0,68.89998292922974,34837.0
3217.0,71.69998121261597,34837.0
3217.0,75.69997787475586,34837.0
3210.0,79.69997453689575,34837.0
3732.0,83.69997119903564,34314.0
3731.0,87.09996795654297,34314.0
3722.0,90.39996528625488,34314.0
3722.0,93.6999626159668,34314.0
3700.0,96.99995946884155,34314.0
4694.0,100.29995632171631,33315.0
4691.0,102.19995450973511,33315.0
4691.0,104.0999526977539,33315.0
4691.0,105.9999508857727,33315.0
4691.0,107.8999490737915,33315.0
4691.0,109.7999472618103,33315.0
4691.0,111.6999454498291,33315.0
4691.0,113.5999436378479,33315.0
4691.0,115.4999418258667,33315.0
4691.0,117.3999400138855,33315.0
4691.0,119.6999397277832,33315.0
4691.0,122.19993877410889,33315.0
4691.0,125.79993534088135,33315.0
4691.0,129.3999319076538,33315.0
4691.0,132.89992904663086,33315.0
4691.0,136.39992809295654,33315.0
4691.0,139.99993133544922,33315.0
4691.0,143.59993171691895,33315.0
4691.0,147.59993267059326,33315.0
5508.0,151.5999355316162,32498.0
5508.0,154.59993743896484,32498.0
5508.0,157.59993934631348,32498.0
5508.0,160.49994277954102,32498.0
5508.0,163.3999481201172,32498.0
5508.0,166.29995441436768,32498.0
5508.0,169.19996070861816,32498.0
5508.0,172.09996795654297,32498.0
5998.0,174.99997520446777,31973.0
5998.0,176.89998054504395,31973.0
5996.0,178.79998683929443,31973.0
5996.0,180.69999313354492,31973.0
5996.0,182.5999994277954,31973.0
5996.0,184.5000057220459,31973.0
5996.0,187.10001468658447,31973.0
5996.0,190.30002307891846,31973.0
5996.0,193.50003147125244,31973.0
5996.0,196.70003986358643,31973.0
5996.0,199.9000482559204,31973.0
5996.0,203.1000566482544,31973.0
5996.0,206.3000659942627,31973.0
5996.0,209.5000762939453,31973.0
5996.0,212.70008659362793,31973.0
5996.0,215.80009651184082,31973.0
5996.0,219.50010681152344,31973.0
5979.0,223.9001178741455,31973.0
5978.0,227.90012741088867,31973.0
6816.0,230.9001350402832,31083.0
6812.0,233.90014266967773,31083.0
6808.0,236.90015029907227,31083.0
6804.0,239.9001579284668,31083.0
6804.0,242.90016555786133,31083.0
6800.0,245.90017318725586,31083.0
6787.0,248.9001808166504,31083.0
7004.0,251.90018844604492,30865.0
7003.0,254.30019569396973,30865.0
7003.0,256.70020294189453,30865.0
7002.0,259.10021018981934,30865.0
7001.0,261.50021743774414,30865.0
7001.0,263.90022468566895,30865.0
7000.0,266.80023193359375,30865.0
6999.0,269.3002414703369,30865.0
6974.0,271.6002502441406,30865.0
7694.0,274.80026054382324,30144.0
7694.0,277.8002700805664,30144.0
7693.0,280.80027961730957,30144.0
7693.0,283.80028915405273,30144.0
7693.0,286.7002983093262,30144.0
7693.0,289.6003074645996,30144.0
7693.0,292.50031661987305,30144.0
7693.0,295.4003257751465,30144.0
7693.0,298.3003330230713,30144.0
7693.0,301.100341796875,30144.0
7693.0,304.60035514831543,30144.0
7693.0,308.10036849975586,30144.0
7693.0,311.60037994384766,30144.0
7693.0,315.1003932952881,30144.0
7693.0,318.6004066467285,30144.0
7693.0,322.10041999816895,30144.0
7685.0,325.6004333496094,30144.0
7684.0,329.1004467010498,30144.0
8092.0,332.60046005249023,29692.0
8092.0,336.0004711151123,29692.0
8092.0,339.4004821777344,29692.0
8092.0,342.70048904418945,29692.0
8092.0,346.00049781799316,29692.0
8092.0,349.3005084991455,29692.0
8092.0,352.60051918029785,29692.0
8092.0,355.9005298614502,29692.0
8092.0,359.20054054260254,29692.0
8092.0,362.5005512237549,29692.0
8092.0,365.8005619049072,29692.0
8092.0,369.10057067871094,29692.0
8092.0,372.4005813598633,29692.0
8092.0,375.7005920410156,29692.0
8092.0,379.00060272216797,29692.0
8092.0,382.3006134033203,29692.0
8092.0,385.60062408447266,29692.0
8092.0,388.900634765625,29692.0
8092.0,392.20064544677734,29692.0
8092.0,395.5006561279297,29692.0
8092.0,398.80066680908203,29692.0
8092.0,402.1006774902344,29692.0
8050.0,405.4006881713867,29692.0
8002.0,408.70069885253906,29692.0
8810.0,410.4007034301758,28884.0
8810.0,413.10071182250977,28884.0
8810.0,416.300724029541,28884.0
8810.0,419.50073623657227,28884.0
8810.0,422.60074615478516,28884.0
8810.0,426.40076065063477,28884.0
8810.0,430.2007751464844,28884.0
8810.0,434.000789642334,28884.0
8810.0,437.8008041381836,28884.0
8810.0,441.6008186340332,28884.0
8810.0,445.30083084106445,28884.0
8810.0,448.3008346557617,28884.0
8810.0,451.7008476257324,28884.0
8810.0,455.4008598327637,28884.0
8810.0,460.20087814331055,28884.0
8810.0,465.2008972167969,28884.0
8810.0,470.2009162902832,28884.0
8810.0,475.20093536376953,28884.0
8810.0,480.20095443725586,28884.0
8810.0,485.2009735107422,28884.0
8810.0,490.2009925842285,28884.0
8810.0,495.1010093688965,28884.0
9358.0,500.00102615356445,28304.0
9549.0,503.7010383605957,28109.0
9549.0,506.8010482788086,28109.0
9785.0,509.9010581970215,27800.0
9785.0,511.80106353759766,27800.0
9783.0,513.7010688781738,27800.0
9783.0,515.60107421875,27800.0
9783.0,517.5010795593262,27800.0
9783.0,519.4010848999023,27800.0
9783.0,521.3010902404785,27800.0
9783.0,523.2010955810547,27800.0
9783.0,525.1011009216309,27800.0
9783.0,527.001106262207,27800.0
9783.0,528.9011116027832,27800.0
9783.0,530.8011169433594,27800.0
9783.0,532.7011222839355,27800.0
9783.0,534.6011276245117,27800.0
9783.0,537.0011291503906,27800.0
9783.0,540.6011428833008,27800.0
9783.0,544.1011543273926,27800.0
9783.0,547.6011657714844,27800.0
9783.0,551.0011749267578,27800.0
9783.0,554.3011817932129,27800.0
9783.0,557.3011932373047,27800.0
9783.0,560.5012016296387,27800.0
9783.0,564.0012130737305,27800.0
9783.0,568.2012252807617,27800.0
9783.0,572.4012336730957,27800.0
9783.0,576.6012420654297,27800.0
9783.0,580.8012504577637,27800.0
9783.0,585.0012588500977,27800.0
9783.0,589.2012672424316,27800.0
9783.0,593.4012756347656,27800.0
9783.0,597.5012741088867,27800.0
9783.0,602.3012771606445,27800.0
10498.0,607.1012725830078,27028.0
10497.0,610.7012672424316,27028.0
10497.0,614.3012619018555,27028.0
10497.0,617.9012565612793,27028.0
10467.0,621.5012435913086,27028.0
10461.0,625.1012306213379,27011.0
10458.0,627.6012191772461,27011.0
10458.0,630.0012054443359,27011.0
10458.0,632.801197052002,27011.0
10458.0,635.6011848449707,27011.0
10458.0,638.3011741638184,27011.0
10458.0,641.7011604309082,27011.0
10458.0,645.001148223877,27011.0
10458.0,648.3011360168457,27011.0
10458.0,652.1011161804199,27011.0
10458.0,655.5011100769043,27011.0
10458.0,659.0011024475098,27011.0
10458.0,663.2010917663574,27011.0
10458.0,667.4010810852051,27011.0
10458.0,671.6010665893555,27011.0
10458.0,675.8010482788086,27011.0
10458.0,680.0010261535645,27011.0
10458.0,684.201000213623,27011.0
10494.0,687.8009757995605,26975.0
11049.0,691.300952911377,26363.0
11049.0,693.2009353637695,26363.0
11047.0,695.0009155273438,26363.0
11047.0,697.8008880615234,26363.0
11047.0,700.500862121582,26363.0
11047.0,703.5008392333984,26363.0
11047.0,706.5008163452148,26363.0
11047.0,709.4007911682129,26363.0
11047.0,713.0007667541504,26363.0
11047.0,716.5007400512695,26363.0
11047.0,720.7007102966309,26363.0
11047.0,724.9006805419922,26363.0
11047.0,729.1006507873535,26363.0
11025.0,733.3006134033203,26363.0
11553.0,736.5005798339844,25833.0
11553.0,739.6005477905273,25833.0
11553.0,743.0005187988281,25833.0
11553.0,745.8004837036133,25833.0
11553.0,748.8004455566406,25833.0
11553.0,751.9004058837891,25833.0
11553.0,755.6003646850586,25833.0
11553.0,759.4003219604492,25833.0
11553.0,763.2002792358398,25833.0
11543.0,767.0002365112305,25833.0
11538.0,770.8001937866211,25833.0
11703.0,775.400146484375,25665.0
11701.0,779.2001037597656,25665.0
11700.0,783.0000610351562,25665.0
11700.0,786.8000183105469,25665.0
11664.0,790.4999771118164,25665.0
11620.0,794.0999374389648,25665.0
12440.0,796.6999053955078,24845.0
12704.0,799.2998733520508,24576.0
12702.0,801.0998458862305,24576.0
12700.0,802.8998184204102,24576.0
12700.0,804.6997909545898,24576.0
12700.0,806.4997634887695,24576.0
12700.0,808.9997329711914,24576.0
12700.0,810.7997055053711,24576.0
12700.0,812.5996780395508,24576.0
12700.0,814.2996520996094,24576.0
12700.0,817.2996139526367,24576.0
12700.0,820.2995758056641,24576.0
12700.0,823.2995376586914,24576.0
12700.0,826.2994995117188,24576.0
12700.0,829.2994613647461,24576.0
12700.0,832.2994232177734,24576.0
12700.0,835.2993850708008,24576.0
12700.0,838.2993469238281,24576.0
12700.0,841.0993118286133,24576.0
12700.0,843.9992752075195,24576.0
12700.0,846.6992416381836,24576.0
12700.0,849.2992095947266,24576.0
12700.0,852.0991744995117,24576.0
12700.0,855.8991317749023,24576.0
12700.0,859.699089050293,24576.0
12700.0,863.4990463256836,24576.0
12700.0,867.2990036010742,24576.0
12680.0,871.0989608764648,24576.0
13275.0,874.8989181518555,23979.0
13275.0,877.7988815307617,23979.0
13195.0,881.2988433837891,23979.0
13195.0,884.7988052368164,23979.0
13211.0,888.1987686157227,23960.0
13208.0,890.6987380981445,23960.0
13207.0,893.1987075805664,23960.0
13207.0,895.6986770629883,23960.0
13207.0,898.1986465454102,23960.0
13207.0,900.698616027832,23960.0
13207.0,902.9985885620117,23960.0
13986.0,905.2985610961914,23167.0
13985.0,906.8985366821289,23167.0
13985.0,908.3985137939453,23167.0
13985.0,911.5984725952148,23167.0
13985.0,914.7984313964844,23167.0
13985.0,917.9983901977539,23167.0
13985.0,921.1983489990234,23167.0
13985.0,924.1983108520508,23167.0
13985.0,927.1982727050781,23167.0
13985.0,930.1982345581055,23167.0
13985.0,933.398193359375,23167.0
13985.0,936.4981536865234,23167.0
13985.0,939.2981185913086,23167.0
13985.0,943.3980712890625,23167.0
13985.0,947.5980224609375,23167.0
13985.0,951.7979736328125,23167.0
13985.0,955.8979263305664,23167.0
13944.0,959.9978790283203,23167.0
13944.0,963.9978332519531,23167.0
14327.0,966.7977981567383,22781.0
14327.0,969.5977630615234,22781.0
14327.0,972.3977279663086,22781.0
14327.0,975.1976928710938,22781.0
14327.0,977.9976577758789,22781.0
14327.0,980.7976226806641,22781.0
14317.0,983.5975875854492,22781.0
15234.0,986.1975555419922,21836.0
15231.0,987.9975280761719,21836.0
15231.0,989.7975006103516,21836.0
15231.0,991.4974746704102,21836.0
15231.0,994.4974365234375,21836.0
15231.0,997.4973983764648,21836.0
15231.0,1000.4973602294922,21836.0
15231.0,1003.4973220825195,21836.0
15231.0,1006.4972839355469,21836.0
15231.0,1009.3972473144531,21836.0
15231.0,1012.6972122192383,21836.0
15231.0,1015.6971740722656,21836.0
15231.0,1018.697135925293,21836.0
15231.0,1021.5970993041992,21836.0
15231.0,1024.6970596313477,21836.0
15231.0,1027.797019958496,21836.0
15231.0,1031.796974182129,21836.0
15231.0,1034.8969345092773,21836.0
15231.0,1038.796890258789,21836.0
15231.0,1042.996841430664,21836.0
15231.0,1047.196792602539,21836.0
15231.0,1051.396743774414,21836.0
15231.0,1055.596694946289,21836.0
15231.0,1059.796646118164,21836.0
15218.0,1063.996597290039,21836.0
15171.0,1068.196548461914,21836.0
15171.0,1072.1965026855469,21836.0
16106.0,1075.396469116211,20862.0
16099.0,1077.2964401245117,20862.0
16092.0,1078.9964141845703,20862.0
16092.0,1081.9963760375977,20862.0
16092.0,1084.996337890625,20862.0
16092.0,1087.9962997436523,20862.0
16092.0,1090.9962615966797,20862.0
16092.0,1093.996223449707,20862.0
16092.0,1096.9961853027344,20862.0
16092.0,1099.9961471557617,20862.0
16092.0,1102.996109008789,20862.0
16092.0,1105.9960708618164,20862.0
16092.0,1108.9960327148438,20862.0
16037.0,1111.995994567871,20862.0
16034.0,1114.7959594726562,20862.0
16677.0,1117.3959274291992,20216.0
16674.0,1119.195899963379,20216.0
16674.0,1121.0958709716797,20216.0
16673.0,1123.5958404541016,20216.0
16673.0,1126.3958053588867,20216.0
16673.0,1129.1957702636719,20216.0
16673.0,1131.895736694336,20216.0
16673.0,1135.4956970214844,20216.0
16673.0,1139.4956512451172,20216.0
16673.0,1143.49560546875,20216.0
16673.0,1147.4955596923828,20216.0
16673.0,1151.4955139160156,20216.0
16673.0,1155.4954681396484,20216.0
16662.0,1159.4954223632812,20216.0
16652.0,1163.1953811645508,20216.0
17475.0,1166.2953414916992,19393.0
17463.0,1169.3953018188477,19393.0
17764.0,1172.495262145996,19066.0
17763.0,1174.3952331542969,19066.0
17763.0,1176.2952041625977,19066.0
17763.0,1178.1951751708984,19066.0
17763.0,1180.0951461791992,19066.0
17763.0,1181.9951171875,19066.0
17763.0,1183.8950881958008,19066.0
17763.0,1185.7950592041016,19066.0
17763.0,1187.5950317382812,19066.0
17763.0,1189.495002746582,19066.0
17763.0,1191.2949752807617,19066.0
17763.0,1193.9949417114258,19066.0
17763.0,1195.6949157714844,19066.0
17763.0,1198.4948806762695,19066.0
17763.0,1201.4948425292969,19066.0
17763.0,1204.4948043823242,19066.0
17763.0,1207.4947662353516,19066.0
17763.0,1210.2947311401367,19066.0
17763.0,1213.9946899414062,19066.0
17763.0,1217.994644165039,19066.0
17763.0,1221.9945983886719,19066.0
17763.0,1225.8945541381836,19066.0
17763.0,1230.494499206543,19066.0
17763.0,1235.0944442749023,19066.0
17763.0,1239.5943984985352,19066.0
17751.0,1244.794334411621,19066.0
17765.0,1249.994270324707,19052.0
17745.0,1254.1942138671875,19052.0
17745.0,1258.394157409668,19052.0
17745.0,1262.4941024780273,19052.0
18473.0,1266.5940475463867,18292.0
18473.0,1269.6940078735352,18292.0
18473.0,1272.7939682006836,18292.0
18473.0,1275.893928527832,18292.0
18473.0,1278.9938888549805,18292.0
18473.0,1282.093849182129,18292.0
19355.0,1285.1938095092773,17393.0
19335.0,1287.6937713623047,17393.0
19527.0,1290.193733215332,17200.0
19526.0,1292.0937042236328,17200.0
19526.0,1293.9936752319336,17200.0
19526.0,1295.8936462402344,17200.0
19526.0,1297.7936172485352,17200.0
19526.0,1300.0935821533203,17200.0
19526.0,1302.8935470581055,17200.0
19526.0,1305.7935104370117,17200.0
19526.0,1308.4934844970703,17200.0
19526.0,1312.4934463500977,17200.0
19526.0,1316.4934005737305,17200.0
19526.0,1320.2933654785156,17200.0
19526.0,1323.4933166503906,17200.0
19526.0,1326.993278503418,17200.0
19526.0,1331.0932312011719,17200.0
19526.0,1334.5931854248047,17200.0
19526.0,1338.0931396484375,17200.0
19526.0,1342.7930755615234,17200.0
19526.0,1347.9929962158203,17200.0
19526.0,1353.1929168701172,17200.0
19526.0,1358.392837524414,17200.0
19624.0,1363.592758178711,17089.0
19623.0,1367.7926940917969,17089.0
19623.0,1371.9926300048828,17089.0
19623.0,1376.1925659179688,17089.0
19623.0,1380.3925018310547,17089.0
19570.0,1384.5924377441406,17089.0
20568.0,1388.1923828125,16034.0
20561.0,1390.1923522949219,16034.0
20555.0,1392.1923217773438,16034.0
20551.0,1393.7922973632812,16034.0
20549.0,1395.7922668457031,16034.0
20549.0,1397.5922393798828,16034.0
20548.0,1399.3922119140625,16034.0
20548.0,1401.3921813964844,16034.0
20548.0,1403.3921508789062,16034.0
20548.0,1405.3921203613281,16034.0
20548.0,1407.1921081542969,16034.0
20548.0,1409.7920684814453,16034.0
20548.0,1412.592025756836,16034.0
20546.0,1415.3919830322266,16034.0
20545.0,1418.1919403076172,16034.0
20544.0,1420.9918975830078,16034.0
20544.0,1423.7918548583984,16034.0
20544.0,1426.591812133789,16034.0
20544.0,1429.3917694091797,16034.0
20544.0,1432.1917266845703,16034.0
20544.0,1434.8916931152344,16034.0
20544.0,1437.191665649414,16034.0
20544.0,1438.7916564941406,16034.0
20544.0,1442.1916046142578,16034.0
20544.0,1445.4915618896484,16034.0
20544.0,1449.29150390625,16034.0
20544.0,1453.2914428710938,16034.0
20544.0,1457.2913818359375,16034.0
20544.0,1461.0913391113281,16034.0
20544.0,1465.8912658691406,16034.0
20544.0,1470.6911926269531,16034.0
20544.0,1475.4911193847656,16034.0
20517.0,1480.1910552978516,16034.0
21150.0,1484.990982055664,15400.0
21149.0,1489.7909088134766,15400.0
21149.0,1494.3908386230469,15400.0
21149.0,1498.9907684326172,15400.0
21149.0,1503.7906951904297,15400.0
21132.0,1508.390625,15400.0
21120.0,1513.090560913086,15400.0
22057.0,1517.7904968261719,14461.0
22056.0,1521.690444946289,14461.0
22055.0,1525.4904022216797,14461.0
22055.0,1529.9903411865234,14461.0
22055.0,1534.4902801513672,14461.0
22209.0,1538.990219116211,14307.0
22165.0,1542.8901672363281,14307.0
22149.0,1546.7901153564453,14307.0
22149.0,1550.6900634765625,14307.0
22407.0,1554.5900115966797,14047.0
22405.0,1557.6899719238281,14047.0
22405.0,1560.7899322509766,14047.0
22383.0,1563.889892578125,14047.0
22383.0,1566.9898529052734,14047.0
22408.0,1570.0898132324219,14021.0
22407.0,1572.5897827148438,14021.0
22406.0,1575.0897521972656,14021.0
22406.0,1577.5897216796875,14021.0
22406.0,1580.0896911621094,14021.0
22375.0,1582.3896789550781,14021.0
22374.0,1585.1896362304688,14021.0
22373.0,1588.1895904541016,14021.0
22373.0,1591.1895446777344,14021.0
22373.0,1594.0895080566406,14021.0
22371.0,1597.689453125,14021.0
22370.0,1601.2893981933594,14021.0
23156.0,1604.1893615722656,13234.0
23156.0,1607.0893249511719,13234.0
23156.0,1609.9892883300781,13234.0
23156.0,1612.8892517089844,13234.0
23156.0,1615.689224243164,13234.0
23156.0,1618.7891845703125,13234.0
23156.0,1620.4891662597656,13234.0
23156.0,1622.2891540527344,13234.0
23156.0,1625.589111328125,13234.0
23156.0,1629.6890563964844,13234.0
23156.0,1634.0889892578125,13234.0
23156.0,1638.4889221191406,13234.0
23156.0,1642.8888549804688,13234.0
23156.0,1647.2887878417969,13234.0
23675.0,1651.688720703125,12715.0
23654.0,1654.6886749267578,12715.0
23652.0,1657.3886413574219,12715.0
23652.0,1660.4886016845703,12715.0
23652.0,1663.5885620117188,12715.0
23652.0,1666.6885223388672,12715.0
23652.0,1669.7884826660156,12715.0
23652.0,1672.888442993164,12715.0
23652.0,1675.9884033203125,12715.0
23652.0,1679.088363647461,12715.0
23652.0,1682.3883209228516,12715.0
23633.0,1686.3882598876953,12715.0
23826.0,1690.388198852539,12474.0
23823.0,1693.1881561279297,12474.0
23823.0,1695.7881164550781,12474.0
23823.0,1698.5880737304688,12474.0
23821.0,1701.3880310058594,12474.0
23821.0,1704.18798828125,12474.0
23820.0,1706.9879455566406,12474.0
23819.0,1709.7879028320312,12474.0
23818.0,1712.5878601074219,12474.0
23818.0,1715.3878173828125,12474.0
23817.0,1718.1877746582031,12474.0
23816.0,1720.9877319335938,12474.0
23815.0,1723.7876892089844,12474.0
23815.0,1726.587646484375,12474.0
23815.0,1729.3876037597656,12474.0
23815.0,1731.7875671386719,12474.0
23814.0,1734.3875427246094,12474.0
23800.0,1737.8874969482422,12474.0
23800.0,1742.0874328613281,12474.0
23774.0,1746.1873779296875,12474.0
24630.0,1749.4873352050781,11616.0
24629.0,1752.7872924804688,11616.0
24629.0,1756.0872497558594,11616.0
24629.0,1759.38720703125,11616.0
24629.0,1762.6871643066406,11616.0
24629.0,1765.9871215820312,11616.0
24629.0,1769.2870788574219,11616.0
24629.0,1772.5870361328125,11616.0
24629.0,1775.8869934082031,11616.0
24629.0,1779.1869506835938,11616.0
24629.0,1782.4869079589844,11616.0
24629.0,1785.786865234375,11616.0
24629.0,1789.0868225097656,11616.0
24629.0,1792.3867797851562,11616.0
24629.0,1795.6867370605469,11616.0
24629.0,1798.9866943359375,11616.0
24629.0,1802.2866516113281,11616.0
24629.0,1805.5866088867188,11616.0
24629.0,1808.8865661621094,11616.0
24629.0,1812.1865234375,11616.0
24629.0,1815.4864807128906,11616.0
24530.0,1819.58642578125,11616.0
25632.0,1822.5863800048828,10514.0
25631.0,1825.1863403320312,10514.0
25631.0,1828.186294555664,10514.0
25629.0,1831.1862487792969,10514.0
25629.0,1834.1862030029297,10514.0
25627.0,1837.1861572265625,10514.0
25627.0,1839.8861236572266,10514.0
25627.0,1842.986083984375,10514.0
25625.0,1844.6860656738281,10514.0
25625.0,1847.4860229492188,10514.0
25625.0,1850.385986328125,10514.0
25625.0,1853.9859313964844,10514.0
25625.0,1857.4858856201172,10514.0
25625.0,1861.6858215332031,10514.0
25625.0,1865.885757446289,10514.0
25625.0,1870.085693359375,10514.0
25625.0,1874.285629272461,10514.0
25625.0,1878.4855651855469,10514.0
25625.0,1882.6855010986328,10514.0
25625.0,1886.8854370117188,10514.0
25625.0,1891.0853729248047,10514.0
25625.0,1895.2853088378906,10514.0
25625.0,1899.38525390625,10514.0
25625.0,1903.4851989746094,10514.0
25625.0,1907.4851531982422,10514.0
25598.0,1911.485107421875,10514.0
25801.0,1914.685073852539,10292.0
25799.0,1917.8850402832031,10292.0
25799.0,1921.2850036621094,10292.0
25799.0,1925.584945678711,10292.0
25799.0,1929.7848815917969,10292.0
25799.0,1934.184814453125,10292.0
26055.0,1937.5847625732422,10019.0
26055.0,1941.1847076416016,10019.0
26054.0,1944.5846557617188,10019.0
26054.0,1948.1846008300781,10019.0
26054.0,1951.7845458984375,10019.0
26054.0,1955.3844909667969,10019.0
26054.0,1958.9844360351562,10019.0
26054.0,1962.5843811035156,10019.0
26021.0,1966.184326171875,10019.0
26719.0,1969.88427734375,9321.0
26718.0,1973.6842193603516,9321.0
26717.0,1977.284164428711,9321.0
26717.0,1980.6841125488281,9321.0
26716.0,1984.4840545654297,9321.0
26715.0,1988.2839965820312,9321.0
26714.0,1991.6839447021484,9321.0
27654.0,1995.48388671875,8328.0
27653.0,1998.0838470458984,8328.0
27653.0,2000.883804321289,8328.0
27650.0,2002.883773803711,8328.0
27647.0,2005.4837341308594,8328.0
27646.0,2008.0836944580078,8328.0
27646.0,2010.8836517333984,8328.0
27646.0,2013.4836120605469,8328.0
27646.0,2015.8835754394531,8328.0
27646.0,2018.6835327148438,8328.0
27646.0,2021.1835021972656,8328.0
27646.0,2024.3834533691406,8328.0
27621.0,2027.7834014892578,8328.0
28019.0,2030.8833618164062,7906.0
28017.0,2033.3833312988281,7906.0
28017.0,2035.88330078125,7906.0
28017.0,2038.3832702636719,7906.0
28017.0,2040.8832397460938,7906.0
28017.0,2043.3832092285156,7906.0
28017.0,2045.8831787109375,7906.0
28017.0,2048.3831481933594,7906.0
28017.0,2050.8831176757812,7906.0
28017.0,2053.383087158203,7906.0
28017.0,2055.883056640625,7906.0
28017.0,2058.383026123047,7906.0
28017.0,2060.8829956054688,7906.0
28017.0,2063.3829650878906,7906.0
28017.0,2065.8829345703125,7906.0
28017.0,2068.3829040527344,7906.0
28017.0,2070.8828735351562,7906.0
28017.0,2073.382843017578,7906.0
28017.0,2076.3828125,7906.0
28017.0,2079.382766723633,7906.0
28017.0,2082.3827209472656,7906.0
28017.0,2085.1826934814453,7906.0
28017.0,2088.7826538085938,7906.0
28017.0,2092.5825958251953,7906.0
28017.0,2096.2825469970703,7906.0
28017.0,2100.6824798583984,7906.0
28017.0,2105.0824127197266,7906.0
28017.0,2109.4823455810547,7906.0
28017.0,2113.882278442383,7906.0
28017.0,2118.282211303711,7906.0
28017.0,2122.5821533203125,7906.0
28017.0,2126.7821044921875,7906.0
27986.0,2131.9820251464844,7906.0
28846.0,2136.981948852539,7046.0
28845.0,2141.5818786621094,7046.0
28844.0,2146.1818084716797,7046.0
29615.0,2150.78173828125,6238.0
29615.0,2154.481689453125,6238.0
29613.0,2158.681625366211,6238.0
29612.0,2163.081558227539,6238.0
29593.0,2167.481491088867,6238.0
30303.0,2171.8814239501953,5498.0
30303.0,2175.2813720703125,5498.0
30303.0,2178.6813201904297,5498.0
30301.0,2181.8812713623047,5498.0
30299.0,2185.0812225341797,5498.0
30299.0,2188.2811737060547,5498.0
30298.0,2191.381134033203,5498.0
30298.0,2194.6810913085938,5498.0
30298.0,2197.9810485839844,5498.0
30297.0,2201.281005859375,5498.0
30296.0,2204.5809631347656,5498.0
30296.0,2207.8809204101562,5498.0
30270.0,2211.180877685547,5498.0
30270.0,2214.4808349609375,5498.0
30388.0,2216.9808044433594,5333.0
30387.0,2219.4807739257812,5333.0
30387.0,2221.980743408203,5333.0
30387.0,2224.480712890625,5333.0
30387.0,2226.980682373047,5333.0
30358.0,2229.4806518554688,5333.0
30938.0,2231.380630493164,4753.0
30938.0,2233.2806091308594,4753.0
30938.0,2235.1805877685547,4753.0
30938.0,2237.9805450439453,4753.0
30938.0,2240.780502319336,4753.0
30938.0,2243.5804595947266,4753.0
30938.0,2246.180419921875,4753.0
30938.0,2248.9803771972656,4753.0
30938.0,2251.7803344726562,4753.0
30938.0,2254.580291748047,4753.0
30938.0,2257.3802490234375,4753.0
30938.0,2260.0802154541016,4753.0
30938.0,2263.380172729492,4753.0
30938.0,2265.880142211914,4753.0
30938.0,2268.4801025390625,4753.0
30938.0,2271.3800659179688,4753.0
30938.0,2274.080032348633,4753.0
30938.0,2277.679977416992,4753.0
30938.0,2281.2799224853516,4753.0
30938.0,2284.8798828125,4753.0
30938.0,2288.379852294922,4753.0
30938.0,2291.8798217773438,4753.0
30938.0,2295.3797912597656,4753.0
30938.0,2299.979736328125,4753.0
30938.0,2304.5796813964844,4753.0
30938.0,2309.1796264648438,4753.0
30938.0,2313.779571533203,4753.0
30938.0,2318.3795166015625,4753.0
30938.0,2322.8794708251953,4753.0
30938.0,2327.2794342041016,4753.0
30922.0,2332.6793670654297,4753.0
30922.0,2338.079299926758,4753.0
31174.0,2342.679244995117,4500.0
31173.0,2347.0791931152344,4500.0
31172.0,2351.6791381835938,4500.0
31171.0,2356.279083251953,4500.0
31337.0,2360.0790405273438,4334.0
31303.0,2363.7789916992188,4334.0
31279.0,2367.4789428710938,4334.0
31279.0,2371.1788940429688,4334.0
31279.0,2374.8788452148438,4334.0
31279.0,2378.5787963867188,4334.0
31279.0,2382.2787475585938,4334.0
31279.0,2385.9786987304688,4334.0
31279.0,2389.6786499023438,4334.0
31245.0,2393.3786010742188,4334.0
32153.0,2397.0785522460938,3396.0
32153.0,2399.778518676758,3396.0
32151.0,2402.478485107422,3396.0
32151.0,2405.178451538086,3396.0
32151.0,2407.87841796875,3396.0
32151.0,2410.578384399414,3396.0
32151.0,2413.278366088867,3396.0
32151.0,2415.9783630371094,3396.0
32151.0,2418.6783599853516,3396.0
32105.0,2421.3783569335938,3396.0
32105.0,2424.078353881836,3396.0
32388.0,2426.778350830078,3110.0
32386.0,2428.6783447265625,3110.0
32384.0,2430.578338623047,3110.0
32384.0,2432.4783325195312,3110.0
32384.0,2434.3783264160156,3110.0
32384.0,2436.2783203125,3110.0
32384.0,2438.1783142089844,3110.0
32384.0,2440.0783081054688,3110.0
32384.0,2441.6783294677734,3110.0
32384.0,2444.8783264160156,3110.0
32384.0,2448.078323364258,3110.0
32384.0,2451.2783203125,3110.0
32384.0,2454.478317260742,3110.0
32384.0,2457.6783142089844,3110.0
32384.0,2460.8783111572266,3110.0
32384.0,2464.0783081054688,3110.0
32384.0,2467.0783081054688,3110.0
32384.0,2470.278305053711,3110.0
32384.0,2473.278305053711,3110.0
32384.0,2476.478302001953,3110.0
32384.0,2479.6782989501953,3110.0
32384.0,2482.778305053711,3110.0
32384.0,2486.5782928466797,3110.0
32384.0,2490.3783111572266,3110.0
32384.0,2494.1783294677734,3110.0
32384.0,2497.9783477783203,3110.0
32384.0,2501.3783569335938,3110.0
32384.0,2505.1783752441406,3110.0
32384.0,2508.9783935546875,3110.0
32384.0,2512.578414916992,3110.0
32384.0,2516.378433227539,3110.0
32384.0,2519.8784790039062,3110.0
32378.0,2524.678482055664,3110.0
32377.0,2529.478485107422,3110.0
32377.0,2534.2784881591797,3110.0
32295.0,2539.0784912109375,3110.0
32295.0,2543.8784942626953,3110.0
33244.0,2547.0784759521484,2140.0
33243.0,2550.678466796875,2140.0
33242.0,2554.0784454345703,2140.0
33242.0,2557.678451538086,2140.0
33242.0,2561.2785034179688,2140.0
33242.0,2564.8785705566406,2140.0
33242.0,2568.4786376953125,2140.0
33242.0,2571.878707885742,2140.0
33242.0,2575.278778076172,2140.0
33242.0,2578.8788452148438,2140.0
33242.0,2582.2789459228516,2140.0
33242.0,2585.8790435791016,2140.0
33242.0,2589.079132080078,2140.0
33534.0,2591.8792114257812,1817.0
33534.0,2594.479293823242,1817.0
33534.0,2597.2793731689453,1817.0
33534.0,2600.2794647216797,1817.0
33534.0,2603.279556274414,1817.0
33534.0,2606.2796478271484,1817.0
33534.0,2609.279739379883,1817.0
33534.0,2612.1798248291016,1817.0
33534.0,2615.7799224853516,1817.0
33534.0,2619.3800201416016,1817.0
33534.0,2622.9801177978516,1817.0
33831.0,2626.3802032470703,1499.0
33831.0,2628.9802856445312,1499.0
33831.0,2631.1803588867188,1499.0
33831.0,2633.5804290771484,1499.0
33831.0,2635.980514526367,1499.0
33831.0,2638.380599975586,1499.0
33831.0,2640.7806701660156,1499.0
33831.0,2643.3807525634766,1499.0
33831.0,2645.9808349609375,1499.0
33831.0,2648.180892944336,1499.0
33831.0,2650.780975341797,1499.0
33831.0,2652.9810485839844,1499.0
33831.0,2655.4811248779297,1499.0
33831.0,2657.981201171875,1499.0
33831.0,2660.4812774658203,1499.0
33831.0,2662.9813537597656,1499.0
33831.0,2665.481430053711,1499.0
33831.0,2667.9815063476562,1499.0
33831.0,2670.4815826416016,1499.0
33831.0,2672.981658935547,1499.0
33831.0,2675.481735229492,1499.0
33831.0,2677.9818115234375,1499.0
33831.0,2680.481887817383,1499.0
33831.0,2682.981964111328,1499.0
33831.0,2685.4820404052734,1499.0
33831.0,2687.882110595703,1499.0
33796.0,2690.282180786133,1499.0
34032.0,2692.6822509765625,1262.0
34031.0,2694.582321166992,1262.0
34031.0,2696.3823852539062,1262.0
34031.0,2698.1824493408203,1262.0
34031.0,2699.9825134277344,1262.0
34031.0,2701.882583618164,1262.0
34031.0,2703.682647705078,1262.0
34031.0,2705.582717895508,1262.0
34031.0,2707.382781982422,1262.0
34031.0,2709.382858276367,1262.0
34031.0,2711.982955932617,1262.0
34031.0,2714.583053588867,1262.0
34031.0,2717.0831604003906,1262.0
34031.0,2719.583267211914,1262.0
34031.0,2722.0833740234375,1262.0
34031.0,2724.583480834961,1262.0
34031.0,2727.0835876464844,1262.0
34031.0,2729.583694458008,1262.0
34031.0,2732.0838012695312,1262.0
34031.0,2735.3839263916016,1262.0
34031.0,2739.184051513672,1262.0
34031.0,2742.984176635742,1262.0
34031.0,2746.9843139648438,1262.0
34031.0,2750.784439086914,1262.0
34031.0,2754.5845794677734,1262.0
34031.0,2758.384719848633,1262.0
34031.0,2761.984848022461,1262.0
34031.0,2765.9850006103516,1262.0
34031.0,2769.985153198242,1262.0
34031.0,2773.985305786133,1262.0
34031.0,2777.9854736328125,1262.0
34031.0,2781.78564453125,1262.0
34031.0,2785.7858276367188,1262.0
34031.0,2789.7860107421875,1262.0
34031.0,2793.7861938476562,1262.0
34031.0,2797.786376953125,1262.0
34031.0,2801.7865600585938,1262.0
33974.0,2805.7867431640625,1262.0
34602.0,2809.7869262695312,632.0
34602.0,2812.987091064453,632.0
34602.0,2816.187255859375,632.0
34602.0,2819.1874084472656,632.0
34602.0,2822.3875732421875,632.0
34602.0,2825.187713623047,632.0
34600.0,2827.9878540039062,632.0
34600.0,2831.188018798828,632.0
34600.0,2834.1881713867188,632.0
34600.0,2837.1883239746094,632.0
34600.0,2840.1884765625,632.0
34600.0,2843.388641357422,632.0
34512.0,2846.3887939453125,632.0
34454.0,2849.5889587402344,632.0
35085.0,2851.3890686035156,0.0
35085.0,2852.7891540527344,0.0
35085.0,2854.3892517089844,0.0
35084.0,2856.1893615722656,0.0
35083.0,2857.7894592285156,0.0
35083.0,2859.589569091797,0.0
35082.0,2861.389678955078,0.0
35082.0,2863.1897888183594,0.0
35081.0,2865.189910888672,0.0
35081.0,2866.790008544922,0.0
35081.0,2868.7901306152344,0.0
35081.0,2870.3902282714844,0.0
35080.0,2871.9903259277344,0.0
35079.0,2873.7904357910156,0.0
35078.0,2875.3905334472656,0.0
35078.0,2877.190643310547,0.0
35078.0,2878.5907287597656,0.0
35078.0,2880.1908264160156,0.0
35078.0,2882.190948486328,0.0
35078.0,2883.591033935547,0.0
35078.0,2885.391143798828,0.0
35078.0,2887.3912658691406,0.0
35078.0,2889.391387939453,0.0
35078.0,2891.3915100097656,0.0
35078.0,2893.191619873047,0.0
35078.0,2894.991729736328,0.0
35078.0,2896.391815185547,0.0
35078.0,2898.191925048828,0.0
35078.0,2899.9920349121094,0.0
35078.0,2901.5921325683594,0.0
35078.0,2903.1922302246094,0.0
35078.0,2905.192352294922,0.0
35078.0,2906.992462158203,0.0
35078.0,2908.9925842285156,0.0
35078.0,2910.992706298828,0.0
35078.0,2912.592803955078,0.0
35078.0,2914.3929138183594,0.0
35078.0,2915.9930114746094,0.0
35078.0,2917.7931213378906,0.0
35078.0,2919.593231201172,0.0
35078.0,2921.5933532714844,0.0
35078.0,2923.3934631347656,0.0
35078.0,2925.193572998047,0.0
35078.0,2927.1936950683594,0.0
35078.0,2928.9938049316406,0.0
35078.0,2930.5939025878906,0.0
35078.0,2932.394012451172,0.0
35078.0,2934.3941345214844,0.0
35078.0,2936.394256591797,0.0
35078.0,2938.3943786621094,0.0
35078.0,2940.1944885253906,0.0
35078.0,2941.994598388672,0.0
35078.0,2943.594696044922,0.0
35078.0,2945.194793701172,0.0
35078.0,2947.1949157714844,0.0
35078.0,2948.9950256347656,0.0
35078.0,2950.5951232910156,0.0
35078.0,2952.395233154297,0.0
35078.0,2954.195343017578,0.0
35078.0,2955.9954528808594,0.0
35078.0,2957.7955627441406,0.0
