"stored","consumed","remaining"
371.0,1.700000025331974,41014.0
366.0,3.400000050663948,41014.0
361.0,4.900000154972076,41014.0
358.0,6.800000160932541,41014.0
355.0,8.500000059604645,41014.0
352.0,10.400000274181366,41014.0
348.0,12.300000667572021,41014.0
347.0,13.80000102519989,41014.0
347.0,15.400001406669617,41014.0
347.0,17.900001883506775,41014.0
346.0,20.400002479553223,41014.0
345.0,22.90000307559967,41014.0
345.0,25.40000319480896,41014.0
345.0,27.90000319480896,41014.0
1215.0,31.00000309944153,40137.0
1214.0,33.50000286102295,40137.0
1212.0,35.800002574920654,40137.0
1211.0,38.10000228881836,40137.0
1210.0,40.400002002716064,40137.0
1209.0,42.900001764297485,40137.0
1209.0,45.200000047683716,40137.0
1207.0,47.499998569488525,40137.0
1206.0,49.799997091293335,40137.0
2030.0,51.499996185302734,39313.0
2030.0,53.39999508857727,39313.0
2030.0,54.69999408721924,39313.0
2030.0,56.3999924659729,39313.0
2030.0,58.2999906539917,39313.0
2030.0,60.49998903274536,39313.0
2030.0,63.699986934661865,39313.0
2030.0,67.19998502731323,39313.0
2030.0,70.6999831199646,39313.0
2030.0,73.99998092651367,39313.0
2030.0,77.49997806549072,39313.0
2030.0,80.99997520446777,39313.0
2030.0,83.89997291564941,39313.0
2030.0,86.19997119903564,39313.0
2587.0,88.49996948242188,38743.0
2587.0,90.1999683380127,38743.0
2587.0,91.69996738433838,38743.0
2587.0,93.3999662399292,38743.0
2587.0,94.6999659538269,38743.0
2587.0,96.59996509552002,38743.0
2587.0,99.29996347427368,38743.0
2587.0,101.99996137619019,38743.0
2587.0,104.49995994567871,38743.0
2587.0,106.99995803833008,38743.0
2587.0,109.49995613098145,38743.0
2587.0,111.99995422363281,38743.0
2587.0,114.4999532699585,38743.0
2587.0,116.9999532699585,38743.0
2587.0,118.89995288848877,38743.0
2587.0,121.89995193481445,38743.0
3569.0,123.79995250701904,37757.0
3568.0,125.69995307922363,37757.0
3567.0,127.39995384216309,37757.0
3567.0,129.19995498657227,37757.0
3567.0,130.69995498657227,37757.0
3567.0,132.39995574951172,37757.0
3567.0,134.2999563217163,37757.0
3567.0,135.99995613098145,37757.0
3567.0,137.69995594024658,37757.0
3567.0,138.99995803833008,37757.0
3567.0,140.89995861053467,37757.0
3567.0,142.99995803833008,37757.0
3567.0,145.0999584197998,37757.0
3567.0,147.59995937347412,37757.0
3567.0,149.7999610900879,37757.0
3567.0,151.89996242523193,37757.0
3567.0,153.99996376037598,37757.0
3567.0,156.2999668121338,37757.0
3567.0,158.5999698638916,37757.0
3567.0,161.09997272491455,37757.0
3567.0,163.39997577667236,37757.0
4501.0,164.899977684021,36823.0
4501.0,166.79998016357422,36823.0
4501.0,168.69998264312744,36823.0
4501.0,171.49998569488525,36823.0
4501.0,174.19998931884766,36823.0
4501.0,176.69999313354492,36823.0
4501.0,179.19999599456787,36823.0
4501.0,181.89999961853027,36823.0
4501.0,184.600004196167,36823.0
4501.0,186.90000915527344,36823.0
4501.0,189.20001411437988,36823.0
4501.0,190.90001773834229,36823.0
4501.0,192.80002307891846,36823.0
4501.0,194.70002841949463,36823.0
4501.0,196.40003299713135,36823.0
4501.0,198.30003833770752,36823.0
4501.0,200.2000436782837,36823.0
4501.0,202.10004901885986,36823.0
4501.0,203.60005378723145,36823.0
4501.0,205.10005950927734,36823.0
4501.0,207.00006675720215,36823.0
4501.0,208.7000732421875,36823.0
4501.0,210.6000804901123,36823.0
4501.0,212.1000862121582,36823.0
4501.0,214.000093460083,36823.0
4501.0,215.30009841918945,36823.0
4501.0,216.80010414123535,36823.0
4501.0,218.1001091003418,36823.0
4501.0,219.80011558532715,36823.0
4501.0,221.5001220703125,36823.0
4501.0,223.20012855529785,36823.0
4501.0,225.10013580322266,36823.0
4501.0,226.60014152526855,36823.0
4501.0,228.50014877319336,36823.0
4501.0,230.40015602111816,36823.0
4501.0,231.90016174316406,36823.0
4501.0,233.80016899108887,36823.0
4501.0,235.50017547607422,36823.0
4501.0,237.20018196105957,36823.0
4501.0,239.10018920898438,36823.0
4501.0,240.80019569396973,36823.0
4501.0,242.50020217895508,36823.0
4501.0,244.20020866394043,36823.0
4501.0,245.90021514892578,36823.0
4501.0,247.60022163391113,36823.0
4501.0,249.10022735595703,36823.0
4501.0,250.80023384094238,36823.0
4501.0,252.7002410888672,36823.0
4501.0,254.40024757385254,36823.0
4501.0,256.30025482177734,36823.0
4501.0,257.80026054382324,36823.0
4501.0,259.70026779174805,36823.0
4501.0,261.0002727508545,36823.0
4501.0,262.5002784729004,36823.0
4501.0,264.20028495788574,36823.0
4501.0,265.9002914428711,36823.0
4501.0,267.8002986907959,36823.0
4501.0,269.50030517578125,36823.0
4501.0,271.40031242370605,36823.0
4501.0,273.30031967163086,36823.0
4501.0,275.0003261566162,36823.0
4501.0,276.9003314971924,36823.0
4501.0,278.8003387451172,36823.0
4501.0,280.700345993042,36823.0
4501.0,282.40035247802734,36823.0
4501.0,284.30035972595215,36823.0
4501.0,286.20036697387695,36823.0
4501.0,288.10037422180176,36823.0
4501.0,289.600378036499,36823.0
4501.0,290.90038108825684,36823.0
4501.0,292.6003875732422,36823.0
4501.0,294.1003932952881,36823.0
4501.0,295.600399017334,36823.0
4501.0,297.30040550231934,36823.0
4501.0,299.0004119873047,36823.0
4501.0,300.9004192352295,36823.0
4501.0,302.60042572021484,36823.0
4501.0,303.70042991638184,36823.0
4473.0,305.60043716430664,36823.0
4472.0,307.50044441223145,36823.0
4472.0,309.40045166015625,36823.0
4441.0,311.1004581451416,36823.0
4441.0,312.80046463012695,36823.0
4440.0,314.1004695892334,36823.0
4440.0,315.80047607421875,36823.0
4439.0,317.5004825592041,36823.0
4439.0,319.4004898071289,36823.0
4438.0,320.9004955291748,36823.0
4437.0,322.8005027770996,36823.0
4437.0,324.3005084991455,36823.0
4437.0,326.00051498413086,36823.0
4436.0,327.3005199432373,36823.0
4436.0,328.8005256652832,36823.0
4435.0,330.3005313873291,36823.0
4434.0,331.60053634643555,36823.0
4406.0,333.3005428314209,36823.0
4406.0,335.0005474090576,36823.0
4406.0,336.9005546569824,36823.0
4405.0,338.8005619049072,36823.0
4405.0,340.70056915283203,36823.0
4384.0,342.2005729675293,36823.0
4384.0,343.70057678222656,36823.0
4384.0,345.20058250427246,36823.0
4350.0,347.10058975219727,36823.0
4350.0,348.8005962371826,36823.0
4350.0,350.7006034851074,36823.0
4350.0,352.00060844421387,36823.0
4350.0,353.7006149291992,36823.0
4350.0,355.600622177124,36823.0
4350.0,357.5006294250488,36823.0
4349.0,359.40063667297363,36823.0
4349.0,360.90064239501953,36823.0
4349.0,362.80064964294434,36823.0
4349.0,364.70065689086914,36823.0
4349.0,366.4006633758545,36823.0
4349.0,367.9006690979004,36823.0
4347.0,369.20067405700684,36823.0
4347.0,370.70067977905273,36823.0
4346.0,372.1006832122803,36823.0
4346.0,374.60069274902344,36823.0
4346.0,376.90070152282715,36823.0
4346.0,379.4007110595703,36823.0
4346.0,381.700719833374,36823.0
4346.0,384.00072860717773,36823.0
4346.0,386.5007381439209,36823.0
4346.0,388.8007469177246,36823.0
4300.0,391.1007556915283,36823.0
5043.0,393.40076446533203,36078.0
5043.0,395.30077171325684,36078.0
5043.0,397.20077896118164,36078.0
5043.0,399.10078620910645,36078.0
5043.0,401.00079345703125,36078.0
5043.0,402.90080070495605,36078.0
5043.0,404.6008071899414,36078.0
5043.0,405.90081214904785,36078.0
5043.0,407.40081787109375,36078.0
5043.0,408.900821685791,36078.0
5043.0,410.60082626342773,36078.0
5043.0,411.90082931518555,36078.0
5043.0,413.8008346557617,36078.0
5043.0,415.50083923339844,36078.0
5043.0,417.0008430480957,36078.0
5043.0,418.9008483886719,36078.0
5043.0,420.6008529663086,36078.0
5043.0,422.3008575439453,36078.0
5043.0,424.00086212158203,36078.0
5043.0,425.70086669921875,36078.0
5043.0,427.40087127685547,36078.0
5043.0,429.1008758544922,36078.0
5043.0,431.00088119506836,36078.0
5043.0,432.7008857727051,36078.0
5043.0,434.60089111328125,36078.0
5043.0,436.5008964538574,36078.0
5043.0,438.4009017944336,36078.0
5043.0,439.90090560913086,36078.0
5043.0,441.6009101867676,36078.0
5043.0,442.9009132385254,36078.0
5043.0,444.80091857910156,36078.0
5043.0,446.5009231567383,36078.0
5043.0,448.200927734375,36078.0
5043.0,449.9009323120117,36078.0
5043.0,451.8009376525879,36078.0
5043.0,453.70094299316406,36078.0
5043.0,455.4009475708008,36078.0
5043.0,456.90095138549805,36078.0
5043.0,458.20095443725586,36078.0
5043.0,459.9009590148926,36078.0
5043.0,461.80096435546875,36078.0
5043.0,463.50096893310547,36078.0
5043.0,465.00097274780273,36078.0
5043.0,466.9009780883789,36078.0
5043.0,468.6009826660156,36078.0
5043.0,470.1009864807129,36078.0
5043.0,471.8009910583496,36078.0
5043.0,473.5009956359863,36078.0
5043.0,475.4010009765625,36078.0
5043.0,476.90100479125977,36078.0
5043.0,478.80101013183594,36078.0
5043.0,480.3010139465332,36078.0
5043.0,482.0010185241699,36078.0
5043.0,483.9010238647461,36078.0
5043.0,485.40102767944336,36078.0
5043.0,487.1010322570801,36078.0
5043.0,488.60103607177734,36078.0
5043.0,490.30104064941406,36078.0
5043.0,492.20104598999023,36078.0
5043.0,493.90105056762695,36078.0
5043.0,495.6010551452637,36078.0
5043.0,497.50106048583984,36078.0
5043.0,499.401065826416,36078.0
5043.0,500.9010696411133,36078.0
5043.0,502.40107345581055,36078.0
5043.0,504.10107803344727,36078.0
5043.0,505.4010810852051,36078.0
5043.0,507.1010856628418,36078.0
5043.0,508.8010902404785,36078.0
5043.0,510.3010940551758,36078.0
5043.0,511.80109786987305,36078.0
5043.0,513.7011032104492,36078.0
5043.0,515.4011077880859,36078.0
5043.0,516.9011116027832,36078.0
5043.0,518.4011154174805,36078.0
5043.0,519.7011184692383,36078.0
5043.0,521.401123046875,36078.0
5043.0,522.9011268615723,36078.0
5043.0,524.601131439209,36078.0
5043.0,526.5011367797852,36078.0
5043.0,528.4011421203613,36078.0
5043.0,529.9011459350586,36078.0
5043.0,531.8011512756348,36078.0
5043.0,533.3011512756348,36078.0
5043.0,534.8011512756348,36078.0
5043.0,536.7011528015137,36078.0
5043.0,538.6011543273926,36078.0
5043.0,540.5011558532715,36078.0
5043.0,542.4011573791504,36078.0
5043.0,544.2011566162109,36078.0
5043.0,546.5011596679688,36078.0
5043.0,549.6011657714844,36078.0
5043.0,552.701171875,36078.0
5043.0,555.8011779785156,36078.0
5043.0,558.7011833190918,36078.0
5043.0,561.601188659668,36078.0
5043.0,564.5011940002441,36078.0
5043.0,567.5011978149414,36078.0
4985.0,571.2012100219727,36078.0
5968.0,575.5012168884277,35093.0
5968.0,578.4012184143066,35093.0
5968.0,581.1012268066406,35093.0
5968.0,584.0012321472168,35093.0
6571.0,586.5012359619141,34490.0
7216.0,589.0012321472168,33790.0
7214.0,590.9012260437012,33790.0
7214.0,592.4012184143066,33790.0
7214.0,594.1012115478516,33790.0
7214.0,596.0012054443359,33790.0
7213.0,597.5011978149414,33790.0
7213.0,599.0011863708496,33790.0
7213.0,600.401180267334,33790.0
7212.0,602.7011680603027,33790.0
7211.0,605.0011558532715,33790.0
7211.0,607.3011474609375,33790.0
7211.0,609.8011360168457,33790.0
7211.0,612.3011207580566,33790.0
7211.0,614.6011085510254,33790.0
7211.0,616.9010963439941,33790.0
7178.0,619.2010841369629,33790.0
8022.0,621.5010719299316,32945.0
8022.0,623.0010643005371,32945.0
8021.0,624.901050567627,32945.0
8021.0,626.201042175293,32945.0
8021.0,628.1010284423828,32945.0
8021.0,629.8010177612305,32945.0
8021.0,630.9010124206543,32945.0
8021.0,632.8009986877441,32945.0
8021.0,634.5009841918945,32945.0
8021.0,635.800968170166,32945.0
8021.0,637.1009635925293,32945.0
8021.0,638.800952911377,32945.0
8021.0,640.5009384155273,32945.0
8021.0,642.000919342041,32945.0
8021.0,643.7009048461914,32945.0
8021.0,645.0008926391602,32945.0
8021.0,646.3008804321289,32945.0
8021.0,647.8008651733398,32945.0
8021.0,649.500846862793,32945.0
8021.0,651.4008293151855,32945.0
7994.0,653.1008148193359,32945.0
7966.0,654.6007957458496,32945.0
7964.0,656.1007804870605,32945.0
7964.0,657.8007659912109,32945.0
7962.0,659.7007484436035,32945.0
7960.0,661.2007331848145,32945.0
7958.0,662.9007148742676,32945.0
7958.0,664.4006958007812,32945.0
7958.0,666.3006782531738,32945.0
7957.0,668.2006607055664,32945.0
7956.0,669.9006423950195,32945.0
7956.0,671.0006256103516,32945.0
7954.0,672.7006072998047,32945.0
7953.0,674.4005889892578,32945.0
7953.0,676.3005714416504,32945.0
7953.0,678.6005516052246,32945.0
7953.0,681.100528717041,32945.0
7953.0,683.4005088806152,32945.0
7953.0,685.7004852294922,32945.0
7953.0,688.0004615783691,32945.0
7953.0,690.5004348754883,32945.0
7953.0,693.0004081726074,32945.0
7953.0,695.5003814697266,32945.0
7953.0,697.8003578186035,32945.0
7953.0,699.5003356933594,32945.0
7953.0,701.4003105163574,32945.0
7953.0,702.6002922058105,32945.0
7953.0,704.3002700805664,32945.0
7953.0,706.2002449035645,32945.0
7953.0,707.9002227783203,32945.0
7953.0,709.8001976013184,32945.0
7953.0,711.7001724243164,32945.0
7953.0,713.400146484375,32945.0
7953.0,715.1001243591309,32945.0
7953.0,716.8001022338867,32945.0
7953.0,718.5000801086426,32945.0
7953.0,720.2000579833984,32945.0
7953.0,721.9000358581543,32945.0
7953.0,723.7000122070312,32945.0
7953.0,726.1999893188477,32945.0
7953.0,728.6999664306641,32945.0
7953.0,731.7999420166016,32945.0
7953.0,734.8999176025391,32945.0
7953.0,738.1998901367188,32945.0
7953.0,741.2998657226562,32945.0
7953.0,744.3998413085938,32945.0
7953.0,747.6998138427734,32945.0
7953.0,750.9997863769531,32945.0
7953.0,754.0997619628906,32945.0
8675.0,756.599739074707,32133.0
8675.0,758.2997169494629,32133.0
8675.0,759.7997016906738,32133.0
8675.0,761.499683380127,32133.0
8675.0,762.9996643066406,32133.0
8675.0,764.8996391296387,32133.0
8675.0,766.7996139526367,32133.0
8675.0,768.4995918273926,32133.0
8675.0,770.1995697021484,32133.0
8675.0,771.8995475769043,32133.0
8675.0,773.399528503418,32133.0
8675.0,775.299503326416,32133.0
8675.0,776.9994812011719,32133.0
8675.0,778.4994621276855,32133.0
8675.0,779.799446105957,32133.0
8675.0,781.4994239807129,32133.0
8675.0,782.9994049072266,32133.0
8656.0,784.6993827819824,32133.0
8655.0,786.1993637084961,32133.0
8655.0,787.899341583252,32133.0
8655.0,789.3993186950684,32133.0
8654.0,790.899299621582,32133.0
8653.0,792.1992835998535,32133.0
8653.0,793.8992614746094,32133.0
8653.0,795.1992416381836,32133.0
8653.0,797.0992164611816,32133.0
8653.0,798.9991912841797,32133.0
8653.0,800.8991661071777,32133.0
8653.0,802.7991409301758,32133.0
8653.0,804.7991218566895,32133.0
8653.0,806.6991004943848,32133.0
8653.0,808.7990798950195,32133.0
8653.0,811.2990531921387,32133.0
8653.0,813.7990264892578,32133.0
8653.0,815.6990051269531,32133.0
8653.0,817.9989776611328,32133.0
8653.0,820.0989570617676,32133.0
8653.0,821.9989318847656,32133.0
8653.0,823.8989067077637,32133.0
8653.0,825.7988815307617,32133.0
8653.0,827.4988594055176,32133.0
8653.0,829.1988372802734,32133.0
8653.0,830.6988143920898,32133.0
8653.0,832.3987884521484,32133.0
8653.0,833.8987655639648,32133.0
8653.0,835.5987396240234,32133.0
8653.0,837.0987167358398,32133.0
8653.0,838.7986907958984,32133.0
8653.0,840.2986679077148,32133.0
8653.0,842.1986389160156,32133.0
8653.0,843.8986129760742,32133.0
8653.0,845.798583984375,32133.0
8653.0,847.6985549926758,32133.0
8653.0,849.1985321044922,32133.0
8653.0,851.098503112793,32133.0
8653.0,852.7984771728516,32133.0
8653.0,854.6984481811523,32133.0
8653.0,856.3984222412109,32133.0
8653.0,858.0983963012695,32133.0
8653.0,859.7983703613281,32133.0
8635.0,861.2983474731445,32133.0
8635.0,862.9983215332031,32133.0
8635.0,864.8982925415039,32133.0
8635.0,866.7982635498047,32133.0
8635.0,868.4982376098633,32133.0
8635.0,870.3982086181641,32133.0
8635.0,871.6981887817383,32133.0
8635.0,873.5981597900391,32133.0
8635.0,875.1981353759766,32133.0
8635.0,877.5981063842773,32133.0
8635.0,880.0980758666992,32133.0
8635.0,882.998046875,32133.0
8635.0,885.4980163574219,32133.0
8635.0,887.7979888916016,32133.0
8635.0,890.0979614257812,32133.0
8635.0,892.1979370117188,32133.0
8635.0,894.0979080200195,32133.0
8635.0,895.7978820800781,32133.0
8635.0,897.6978530883789,32133.0
8635.0,899.3978271484375,32133.0
8635.0,901.2977981567383,32133.0
8635.0,902.5977783203125,32133.0
8635.0,904.2977523803711,32133.0
8635.0,906.1977233886719,32133.0
8635.0,908.0976943969727,32133.0
8635.0,909.7976684570312,32133.0
8635.0,911.697639465332,32133.0
8635.0,913.5976104736328,32133.0
8635.0,915.2975845336914,32133.0
8635.0,916.99755859375,32133.0
8635.0,918.6975326538086,32133.0
8635.0,920.197509765625,32133.0
8635.0,922.0974807739258,32133.0
8599.0,923.9974517822266,32133.0
8598.0,925.6974258422852,32133.0
8598.0,927.3973999023438,32133.0
8597.0,929.2973709106445,32133.0
8596.0,930.9973449707031,32133.0
8595.0,932.6973190307617,32133.0
8595.0,934.1972961425781,32133.0
8595.0,936.0972671508789,32133.0
8594.0,937.5972442626953,32133.0
8593.0,939.4972152709961,32133.0
8593.0,941.1971893310547,32133.0
8593.0,943.0971603393555,32133.0
8593.0,944.7971343994141,32133.0
8593.0,946.2971115112305,32133.0
8593.0,947.9970855712891,32133.0
8593.0,949.6970596313477,32133.0
8593.0,951.5970306396484,32133.0
