"stored","consumed","remaining"
0.0,2.0000000298023224,40163.0
0.0,4.300000116229057,40163.0
934.0,7.100000202655792,39229.0
923.0,10.100000262260437,39229.0
1280.0,13.100000381469727,38866.0
1280.0,15.100000858306885,38866.0
1278.0,17.100001335144043,38866.0
1278.0,19.000001668930054,38866.0
1278.0,21.5000022649765,38866.0
1278.0,24.9000027179718,38866.0
1278.0,28.100003242492676,38866.0
1276.0,31.70000410079956,38866.0
1273.0,35.70000433921814,38866.0
1264.0,39.50000357627869,38866.0
2176.0,42.20000195503235,37950.0
2172.0,45.60000038146973,37950.0
2162.0,48.89999866485596,37950.0
2578.0,51.3999969959259,37534.0
2578.0,53.89999532699585,37534.0
2578.0,56.39999341964722,37534.0
2570.0,58.899991512298584,37534.0
2570.0,61.39998960494995,37534.0
3105.0,63.19998788833618,36998.0
3105.0,66.39998531341553,36998.0
3105.0,69.4999828338623,36998.0
3105.0,72.59998035430908,36998.0
3105.0,75.59997844696045,36998.0
3105.0,78.49997615814209,36998.0
3105.0,81.59997367858887,36998.0
3105.0,84.69997215270996,36998.0
3105.0,88.6999683380127,36998.0
3094.0,92.89996480941772,36998.0
3086.0,96.99996185302734,36998.0
3469.0,100.09995937347412,36615.0
3469.0,103.1999568939209,36615.0
3469.0,106.19995498657227,36615.0
3469.0,109.19995307922363,36615.0
3443.0,112.29995059967041,36615.0
3443.0,115.19994831085205,36615.0
4076.0,118.19994640350342,35971.0
4074.0,121.19994354248047,35971.0
4074.0,123.9999418258667,35971.0
4074.0,127.7999382019043,35971.0
4074.0,131.5999355316162,35971.0
4074.0,135.39993286132812,35971.0
4052.0,139.19993019104004,35971.0
4050.0,142.99992752075195,35971.0
4560.0,146.79992771148682,35440.0
4560.0,148.69992923736572,35440.0
4560.0,151.29993152618408,35440.0
4558.0,153.79993534088135,35440.0
4558.0,156.99993801116943,35440.0
4558.0,160.19994068145752,35440.0
4558.0,163.3999433517456,35440.0
4551.0,166.49994659423828,35440.0
5220.0,170.2999505996704,34770.0
5219.0,173.49995613098145,34770.0
5219.0,176.69996166229248,34770.0
5219.0,179.7999668121338,34770.0
5219.0,183.09997177124023,34770.0
5219.0,186.4999771118164,34770.0
5219.0,190.09998416900635,34770.0
5219.0,193.59999179840088,34770.0
5219.0,197.80000019073486,34770.0
5197.0,202.00000953674316,34770.0
5197.0,206.20001983642578,34770.0
6118.0,209.80002784729004,33838.0
6118.0,213.00003623962402,33838.0
6114.0,216.10004425048828,33838.0
6105.0,219.20005226135254,33838.0
6104.0,223.2000617980957,33838.0
7036.0,227.20007133483887,32905.0
7036.0,230.6000804901123,32905.0
7535.0,233.90008926391602,32386.0
7535.0,236.60009765625,32386.0
7534.0,239.20010566711426,32386.0
7534.0,241.7001132965088,32386.0
7530.0,244.60012245178223,32386.0
7527.0,247.50013160705566,32386.0
7527.0,251.10014152526855,32386.0
7525.0,254.70015144348145,32386.0
7509.0,258.30016136169434,32386.0
8055.0,261.7001705169678,31838.0
8054.0,264.5001792907715,31838.0
8054.0,267.10018730163574,31838.0
8054.0,270.70019721984863,31838.0
8054.0,274.3002071380615,31838.0
8054.0,277.8002166748047,31838.0
8054.0,281.3002281188965,31838.0
8111.0,284.8002395629883,31750.0
8111.0,287.5002498626709,31750.0
8109.0,290.2002601623535,31750.0
8102.0,292.90027046203613,31750.0
8086.0,295.30027961730957,31750.0
8196.0,298.80029106140137,31638.0
8194.0,301.80030059814453,31638.0
8194.0,304.70030975341797,31638.0
8194.0,307.6003189086914,31638.0
8194.0,310.5003299713135,31638.0
8187.0,313.5003414154053,31638.0
8187.0,317.5003547668457,31638.0
8647.0,321.50036811828613,31177.0
8646.0,324.40037536621094,31177.0
8646.0,328.2003860473633,31177.0
8646.0,332.00039863586426,31177.0
8646.0,335.8004093170166,31177.0
8632.0,339.6004219055176,31177.0
8699.0,343.40043449401855,31100.0
8699.0,346.20044326782227,31100.0
8699.0,348.8004493713379,31100.0
8699.0,351.3004570007324,31100.0
8699.0,354.0004653930664,31100.0
8699.0,356.60047149658203,31100.0
8689.0,360.20048332214355,31100.0
9447.0,363.7004928588867,30341.0
9447.0,366.2004985809326,30341.0
9446.0,368.7005043029785,30341.0
9446.0,371.20051193237305,30341.0
9446.0,374.5005226135254,30341.0
9446.0,377.80053329467773,30341.0
9446.0,380.9005432128906,30341.0
9446.0,384.8005561828613,30341.0
9434.0,387.9005661010742,30341.0
9496.0,391.20057678222656,30278.0
9496.0,394.40058517456055,30278.0
9496.0,398.8006019592285,30278.0
9496.0,403.2006187438965,30278.0
9496.0,407.60063552856445,30278.0
9483.0,412.0006523132324,30278.0
10112.0,415.5006637573242,29634.0
10112.0,419.000675201416,29634.0
10112.0,422.5006866455078,29634.0
10112.0,426.0006980895996,29634.0
10097.0,429.5007095336914,29634.0
10097.0,433.0007209777832,29634.0
10498.0,436.500732421875,29178.0
10498.0,438.4007377624512,29178.0
10495.0,440.30074310302734,29178.0
10495.0,442.2007484436035,29178.0
10495.0,444.0007514953613,29178.0
10495.0,445.80075454711914,29178.0
10495.0,447.60075759887695,29178.0
10495.0,449.40076065063477,29178.0
10495.0,451.40076446533203,29178.0
10495.0,454.4007759094238,29178.0
10495.0,457.4007873535156,29178.0
10495.0,460.4007987976074,29178.0
10495.0,463.30080795288086,29178.0
10495.0,466.2008171081543,29178.0
10495.0,469.3008270263672,29178.0
10495.0,473.40084075927734,29178.0
10495.0,477.3008499145508,29178.0
10495.0,481.30086517333984,29178.0
10495.0,485.30087661743164,29178.0
10495.0,489.100887298584,29178.0
10495.0,493.4009017944336,29178.0
10495.0,495.30090713500977,29178.0
10495.0,497.8009147644043,29178.0
10495.0,501.20092391967773,29178.0
10495.0,504.5009346008301,29178.0
10474.0,508.0009460449219,29178.0
10474.0,512.100959777832,29178.0
11313.0,516.1009712219238,28337.0
11313.0,518.9009742736816,28337.0
11313.0,521.6009712219238,28337.0
11313.0,524.4009780883789,28337.0
11313.0,528.0009841918945,28337.0
11305.0,531.1009864807129,28337.0
11305.0,534.3009872436523,28337.0
11305.0,537.1009902954102,28337.0
11305.0,541.201000213623,28337.0
11305.0,545.0010147094727,28337.0
11278.0,547.9010238647461,28337.0
11705.0,550.8010330200195,27902.0
12204.0,553.4010353088379,27390.0
12185.0,555.4010391235352,27390.0
12184.0,557.4010429382324,27390.0
12184.0,559.4010467529297,27390.0
12184.0,561.401050567627,27390.0
12184.0,563.4010543823242,27390.0
12184.0,565.4010581970215,27390.0
12184.0,567.4010620117188,27390.0
12184.0,569.3010635375977,27390.0
12184.0,571.2010650634766,27390.0
12184.0,573.9010696411133,27390.0
12184.0,575.60107421875,27390.0
12184.0,578.3010787963867,27390.0
12184.0,580.8010787963867,27390.0
12184.0,584.0010871887207,27390.0
12184.0,587.1010932922363,27390.0
12184.0,590.9011039733887,27390.0
12184.0,594.701114654541,27390.0
12184.0,598.5011253356934,27390.0
12184.0,602.3011360168457,27390.0
12184.0,606.0011367797852,27390.0
12175.0,609.7011337280273,27390.0
12175.0,613.4011306762695,27390.0
12744.0,617.1011276245117,26793.0
12712.0,620.0011215209961,26793.0
13154.0,622.9011154174805,26347.0
13151.0,624.8011131286621,26347.0
13151.0,626.7011108398438,26347.0
13151.0,628.6011085510254,26347.0
13151.0,630.4011001586914,26347.0
13151.0,632.2010917663574,26347.0
13151.0,634.0010833740234,26347.0
13151.0,635.8010711669922,26347.0
13151.0,637.6010589599609,26347.0
13151.0,639.4010467529297,26347.0
13151.0,641.2010345458984,26347.0
13151.0,644.2010192871094,26347.0
13151.0,647.2010040283203,26347.0
13151.0,650.2009887695312,26347.0
13151.0,653.2009696960449,26347.0
13151.0,656.2009506225586,26347.0
13151.0,659.0009307861328,26347.0
13151.0,661.7009086608887,26347.0
13151.0,665.7008895874023,26347.0
13151.0,669.700870513916,26347.0
13151.0,673.7008514404297,26347.0
13135.0,677.600830078125,26347.0
13708.0,680.500804901123,25743.0
13706.0,683.2007827758789,25743.0
13706.0,687.0007591247559,25743.0
13706.0,690.3007316589355,25743.0
13706.0,694.2006988525391,25743.0
13706.0,698.8006629943848,25743.0
13706.0,703.4006271362305,25743.0
13706.0,708.0005912780762,25743.0
13692.0,712.6005477905273,25743.0
14157.0,717.2005043029785,25244.0
14156.0,720.8004684448242,25244.0
14156.0,724.4004287719727,25244.0
14125.0,728.0003890991211,25244.0
14847.0,731.2003555297852,24518.0
14844.0,733.8003234863281,24518.0
14844.0,736.2002944946289,24518.0
14843.0,738.6002655029297,24518.0
14827.0,741.0002365112305,24518.0
14826.0,743.4002075195312,24518.0
15570.0,745.6001815795898,23773.0
15567.0,747.4001541137695,23773.0
15567.0,749.2001266479492,23773.0
15561.0,751.0000991821289,23773.0
15561.0,752.8000717163086,23773.0
15561.0,754.6000442504883,23773.0
15561.0,756.400016784668,23773.0
15561.0,758.1999893188477,23773.0
15561.0,760.7999572753906,23773.0
15561.0,762.5999298095703,23773.0
15561.0,765.0998916625977,23773.0
15561.0,768.4998474121094,23773.0
15561.0,771.8998031616211,23773.0
15561.0,775.2997589111328,23773.0
15561.0,778.5997161865234,23773.0
15561.0,782.5996704101562,23773.0
15561.0,786.499626159668,23773.0
15561.0,790.3995819091797,23773.0
15561.0,794.1995391845703,23773.0
15561.0,797.7994995117188,23773.0
15561.0,802.9994430541992,23773.0
15561.0,808.1993865966797,23773.0
15813.0,813.3993301391602,23472.0
15810.0,817.1992874145508,23472.0
15810.0,820.9992446899414,23472.0
15810.0,824.799201965332,23472.0
15810.0,828.5991592407227,23472.0
15810.0,832.3991165161133,23472.0
15810.0,836.1990737915039,23472.0
15792.0,839.9990310668945,23472.0
16305.0,843.598991394043,22957.0
16304.0,846.7989501953125,22957.0
16304.0,849.998908996582,22957.0
16261.0,853.1988677978516,22957.0
16257.0,855.9988327026367,22957.0
17088.0,857.8988037109375,22126.0
17084.0,860.3987731933594,22126.0
17081.0,862.9987335205078,22126.0
17081.0,865.9986953735352,22126.0
17081.0,868.9986572265625,22126.0
17081.0,871.9986190795898,22126.0
17081.0,874.9985809326172,22126.0
17081.0,877.9985427856445,22126.0
17081.0,880.9985046386719,22126.0
17081.0,883.8984680175781,22126.0
17081.0,887.4984283447266,22126.0
17081.0,890.9983901977539,22126.0
17081.0,894.4983520507812,22126.0
17081.0,897.9983139038086,22126.0
17962.0,901.4982757568359,21216.0
17960.0,903.9982452392578,21216.0
17960.0,906.4982147216797,21216.0
17960.0,908.9981842041016,21216.0
17960.0,911.4981536865234,21216.0
17960.0,913.9981231689453,21216.0
17960.0,916.4980926513672,21216.0
17960.0,918.9980621337891,21216.0
17960.0,921.4980316162109,21216.0
17944.0,923.9980010986328,21216.0
18751.0,926.3979721069336,20409.0
18750.0,928.8979415893555,20409.0
18749.0,932.097900390625,20409.0
18748.0,935.2978591918945,20409.0
18747.0,938.2978210449219,20409.0
18747.0,941.8977813720703,20409.0
18747.0,945.6977386474609,20409.0
18747.0,949.4976959228516,20409.0
18747.0,953.2976531982422,20409.0
18747.0,957.0976104736328,20409.0
18747.0,960.8975677490234,20409.0
18747.0,964.6975250244141,20409.0
18747.0,968.4974822998047,20409.0
18747.0,972.2974395751953,20409.0
18747.0,976.0973968505859,20409.0
18747.0,979.8973541259766,20409.0
18729.0,983.497314453125,20409.0
19088.0,987.1972732543945,20050.0
19087.0,989.8972396850586,20050.0
19087.0,992.7972030639648,20050.0
19087.0,996.3971633911133,20050.0
19087.0,999.9971237182617,20050.0
19072.0,1003.5970840454102,20050.0
19072.0,1007.1970443725586,20050.0
19410.0,1010.3970108032227,19691.0
19410.0,1012.8969802856445,19691.0
19410.0,1016.3969421386719,19691.0
19410.0,1019.8969039916992,19691.0
19408.0,1023.3968658447266,19691.0
19407.0,1026.896827697754,19691.0
19407.0,1030.3967895507812,19691.0
19407.0,1033.8967514038086,19691.0
19407.0,1037.396713256836,19691.0
19407.0,1040.8966751098633,19691.0
19407.0,1044.3966369628906,19691.0
19407.0,1047.896598815918,19691.0
19407.0,1051.3965606689453,19691.0
19407.0,1054.8965225219727,19691.0
19407.0,1058.396484375,19691.0
19366.0,1061.8964462280273,19691.0
19364.0,1064.9964218139648,19691.0
20011.0,1068.0963821411133,19041.0
20009.0,1070.7963485717773,19041.0
20008.0,1074.2963104248047,19041.0
20008.0,1077.8962707519531,19041.0
20008.0,1081.4962310791016,19041.0
20008.0,1085.09619140625,19041.0
20008.0,1088.5961532592773,19041.0
20008.0,1092.0961151123047,19041.0
19965.0,1095.596076965332,19041.0
20462.0,1098.9960403442383,18542.0
20462.0,1102.795997619629,18542.0
20462.0,1106.5959548950195,18542.0
20462.0,1110.3959121704102,18542.0
20462.0,1114.0958709716797,18542.0
20462.0,1117.7958297729492,18542.0
20440.0,1121.4957885742188,18542.0
20584.0,1124.995750427246,18382.0
20584.0,1127.8957138061523,18382.0
20584.0,1130.7956771850586,18382.0
20584.0,1134.0956344604492,18382.0
20584.0,1137.8955917358398,18382.0
20584.0,1141.6955490112305,18382.0
20584.0,1145.495506286621,18382.0
20584.0,1149.2954635620117,18382.0
20570.0,1153.0954208374023,18382.0
20609.0,1155.8953857421875,18342.0
20609.0,1158.595359802246,18342.0
20609.0,1161.2953338623047,18342.0
20609.0,1163.9953079223633,18342.0
20609.0,1166.6952819824219,18342.0
20609.0,1169.3952560424805,18342.0
20609.0,1172.095230102539,18342.0
20609.0,1174.7952041625977,18342.0
20609.0,1177.4951782226562,18342.0
20609.0,1180.1951522827148,18342.0
21027.0,1182.8951263427734,17914.0
21026.0,1184.7951049804688,17914.0
21026.0,1186.695083618164,17914.0
21026.0,1188.5950622558594,17914.0
21026.0,1190.3950424194336,17914.0
21026.0,1193.1949996948242,17914.0
21026.0,1195.9949569702148,17914.0
21026.0,1198.7949142456055,17914.0
21026.0,1201.594871520996,17914.0
21026.0,1204.1948318481445,17914.0
21026.0,1206.794792175293,17914.0
21026.0,1210.494743347168,17914.0
21026.0,1212.2947158813477,17914.0
21026.0,1215.4946823120117,17914.0
21026.0,1218.494644165039,17914.0
21026.0,1221.1946105957031,17914.0
21026.0,1224.0945739746094,17914.0
21026.0,1227.894515991211,17914.0
21026.0,1231.6944580078125,17914.0
21026.0,1235.494400024414,17914.0
21026.0,1239.2943420410156,17914.0
21026.0,1243.0942840576172,17914.0
21026.0,1246.8942260742188,17914.0
21026.0,1250.6941680908203,17914.0
21026.0,1254.3941116333008,17914.0
21026.0,1258.0940551757812,17914.0
21026.0,1261.7939987182617,17914.0
21704.0,1265.4939422607422,17198.0
21691.0,1268.393898010254,17198.0
21690.0,1271.1938552856445,17198.0
21690.0,1273.4938354492188,17198.0
21689.0,1275.793815612793,17198.0
22152.0,1279.1937713623047,16735.0
22152.0,1281.9937362670898,16735.0
22152.0,1284.793701171875,16735.0
22152.0,1287.5936660766602,16735.0
22152.0,1290.3936309814453,16735.0
22152.0,1292.9935989379883,16735.0
22152.0,1296.5935592651367,16735.0
22152.0,1300.1935195922852,16735.0
22152.0,1303.7934799194336,16735.0
22152.0,1307.393440246582,16735.0
22152.0,1310.9934005737305,16735.0
22152.0,1314.593360900879,16735.0
22152.0,1318.1933135986328,16735.0
22152.0,1321.7932662963867,16735.0
22152.0,1325.3932189941406,16735.0
22152.0,1328.9931716918945,16735.0
22152.0,1332.5931243896484,16735.0
22152.0,1335.8930969238281,16735.0
22152.0,1338.8930587768555,16735.0
22152.0,1341.8930206298828,16735.0
22152.0,1344.9929885864258,16735.0
22152.0,1348.5929489135742,16735.0
22152.0,1353.192886352539,16735.0
22152.0,1357.7928314208984,16735.0
22152.0,1362.2927780151367,16735.0
22074.0,1367.4926986694336,16735.0
22074.0,1372.6926193237305,16735.0
22468.0,1377.0925521850586,16339.0
22468.0,1381.4924850463867,16339.0
22468.0,1385.7924270629883,16339.0
22468.0,1390.0923690795898,16339.0
22468.0,1394.3923110961914,16339.0
23006.0,1398.692253112793,15666.0
23006.0,1401.1922225952148,15666.0
23001.0,1403.6921920776367,15666.0
23001.0,1406.1921615600586,15666.0
23001.0,1408.6921310424805,15666.0
23001.0,1411.1921005249023,15666.0
23001.0,1413.6920700073242,15666.0
23001.0,1416.192039489746,15666.0
23830.0,1418.692008972168,14837.0
23830.0,1420.5919876098633,14837.0
23830.0,1422.4919662475586,14837.0
23830.0,1424.391944885254,14837.0
23830.0,1426.2919235229492,14837.0
23830.0,1428.1919021606445,14837.0
23830.0,1430.0918807983398,14837.0
23830.0,1431.9918594360352,14837.0
23830.0,1433.8918380737305,14837.0
23830.0,1436.691795349121,14837.0
23830.0,1439.4917526245117,14837.0
23830.0,1442.2917098999023,14837.0
23830.0,1445.091667175293,14837.0
23830.0,1447.8916244506836,14837.0
23830.0,1450.6915817260742,14837.0
23830.0,1453.4915390014648,14837.0
23830.0,1456.29150390625,14837.0
23830.0,1459.0914611816406,14837.0
23830.0,1461.8914184570312,14837.0
23830.0,1464.191421508789,14837.0
23830.0,1468.5913543701172,14837.0
23830.0,1472.8912963867188,14837.0
23830.0,1477.1912384033203,14837.0
23830.0,1481.4911804199219,14837.0
23830.0,1485.7911224365234,14837.0
23830.0,1490.091064453125,14837.0
23781.0,1494.3910064697266,14837.0
23779.0,1498.6909484863281,14837.0
24103.0,1502.190902709961,14513.0
24101.0,1505.6908569335938,14513.0
24101.0,1509.0908203125,14513.0
24101.0,1513.4907531738281,14513.0
24101.0,1517.8906860351562,14513.0
24101.0,1522.2906188964844,14513.0
24101.0,1526.6905517578125,14513.0
24099.0,1531.0904846191406,14513.0
24071.0,1535.4904174804688,14513.0
24683.0,1539.8903503417969,13828.0
24683.0,1542.6903076171875,13828.0
24683.0,1545.4902648925781,13828.0
24683.0,1548.2902221679688,13828.0
24683.0,1551.0901794433594,13828.0
24683.0,1553.89013671875,13828.0
24683.0,1556.6900939941406,13828.0
24683.0,1559.4900512695312,13828.0
24683.0,1562.2900085449219,13828.0
24683.0,1565.0899658203125,13828.0
24683.0,1567.8899230957031,13828.0
24683.0,1570.6898803710938,13828.0
24683.0,1573.4898376464844,13828.0
24683.0,1576.289794921875,13828.0
24683.0,1578.989761352539,13828.0
24683.0,1581.6897277832031,13828.0
