"stored","consumed","remaining"
0.0,2.0000000298023224,38296.0
0.0,3.8000000715255737,38296.0
0.0,6.3000001311302185,38296.0
932.0,8.300000071525574,37362.0
931.0,10.300000071525574,37362.0
931.0,12.100000500679016,37362.0
931.0,13.8000009059906,37362.0
931.0,16.80000126361847,37362.0
931.0,19.300001740455627,37362.0
931.0,21.10000193119049,37362.0
931.0,23.800002098083496,37362.0
931.0,25.700002431869507,37362.0
931.0,27.600002765655518,37362.0
931.0,29.300003051757812,37362.0
931.0,31.000003337860107,37362.0
931.0,32.50000333786011,37362.0
931.0,36.100003719329834,37362.0
931.0,39.90000343322754,37362.0
1206.0,43.600000858306885,37087.0
1188.0,45.399999141693115,37087.0
1187.0,48.099997758865356,37087.0
1187.0,49.69999623298645,37087.0
1186.0,52.1999945640564,37087.0
1179.0,55.199992179870605,37087.0
1288.0,58.59998941421509,36978.0
1277.0,60.599987506866455,36978.0
1277.0,62.499985694885254,36978.0
1277.0,64.69998407363892,36978.0
1276.0,66.79998207092285,36978.0
1276.0,69.19998025894165,36978.0
1276.0,72.1999773979187,36978.0
1276.0,75.19997453689575,36978.0
1736.0,77.19997310638428,36518.0
1736.0,79.19997119903564,36518.0
1736.0,80.89997005462646,36518.0
1736.0,83.79996824264526,36518.0
1736.0,86.79996585845947,36518.0
1736.0,89.79996395111084,36518.0
1736.0,91.79996299743652,36518.0
1736.0,94.49996089935303,36518.0
1736.0,97.19995880126953,36518.0
1736.0,99.59995651245117,36518.0
1736.0,101.69995498657227,36518.0
1736.0,103.59995365142822,36518.0
1736.0,106.09995174407959,36518.0
1736.0,108.19995021820068,36518.0
1736.0,109.69994926452637,36518.0
1736.0,111.9999475479126,36518.0
1736.0,115.19994449615479,36518.0
1736.0,118.39994144439697,36518.0
2228.0,121.59993839263916,35980.0
2224.0,123.49993705749512,35980.0
2222.0,125.39993572235107,35980.0
2222.0,127.99993324279785,35980.0
2221.0,130.69993114471436,35980.0
2221.0,133.29992866516113,35980.0
2221.0,135.8999261856079,35980.0
2221.0,138.29992485046387,35980.0
2221.0,141.09992218017578,35980.0
2221.0,143.8999195098877,35980.0
2221.0,145.69991874694824,35980.0
2221.0,148.39991664886475,35980.0
2221.0,151.39991569519043,35980.0
2221.0,154.39991569519043,35980.0
2221.0,156.6999168395996,35980.0
2221.0,159.4999189376831,35980.0
2221.0,160.99992179870605,35980.0
2221.0,163.999924659729,35980.0
2216.0,166.9999294281006,35980.0
2597.0,168.99993515014648,35599.0
2597.0,170.99994087219238,35599.0
2597.0,172.9999475479126,35599.0
2597.0,174.9999542236328,35599.0
2597.0,176.99996185302734,35599.0
2597.0,178.99996948242188,35599.0
2597.0,180.29997444152832,35599.0
2597.0,184.0999870300293,35599.0
2597.0,187.89999961853027,35599.0
2597.0,191.70001220703125,35599.0
2597.0,194.90002250671387,35599.0
2597.0,196.70002937316895,35599.0
2597.0,198.50003623962402,35599.0
2597.0,200.3000431060791,35599.0
2597.0,202.10004997253418,35599.0
2597.0,203.90005683898926,35599.0
2597.0,205.70006370544434,35599.0
2597.0,208.0000705718994,35599.0
2597.0,210.40007972717285,35599.0
2597.0,213.40008926391602,35599.0
2597.0,216.30009841918945,35599.0
2597.0,218.80010604858398,35599.0
2597.0,221.6001148223877,35599.0
2597.0,224.10012245178223,35599.0
2597.0,226.4001293182373,35599.0
2597.0,228.50013732910156,35599.0
2597.0,231.0001449584961,35599.0
2597.0,233.50015258789062,35599.0
2597.0,235.20015907287598,35599.0
2597.0,237.00016593933105,35599.0
2597.0,239.6001739501953,35599.0
2597.0,242.80018424987793,35599.0
2597.0,245.70019340515137,35599.0
2597.0,248.00020027160645,35599.0
2597.0,249.90020751953125,35599.0
2597.0,252.00021362304688,35599.0
2597.0,254.10022163391113,35599.0
2597.0,256.50022888183594,35599.0
2597.0,258.40023612976074,35599.0
2597.0,260.6002426147461,35599.0
2597.0,262.9002513885498,35599.0
2597.0,265.2002582550049,35599.0
3101.0,267.6002655029297,35095.0
3902.0,270.3002738952637,34294.0
3902.0,272.3002815246582,34294.0
3902.0,274.200288772583,34294.0
3902.0,277.0002975463867,34294.0
3902.0,279.80030632019043,34294.0
3902.0,282.60031509399414,34294.0
3902.0,285.40032386779785,34294.0
3846.0,288.2003345489502,34294.0
3844.0,291.00034523010254,34294.0
4650.0,292.8003520965576,33488.0
4648.0,294.3003578186035,33488.0
4647.0,297.50036811828613,33488.0
4647.0,300.90037727355957,33488.0
4647.0,304.3003902435303,33488.0
4647.0,307.700403213501,33488.0
4647.0,311.1004161834717,33488.0
4647.0,314.5004291534424,33488.0
5436.0,316.5004367828369,32580.0
5431.0,318.5004425048828,32580.0
5431.0,320.30044746398926,32580.0
5431.0,323.1004581451416,32580.0
5431.0,325.90046882629395,32580.0
5431.0,328.7004795074463,32580.0
5431.0,330.7004852294922,32580.0
5431.0,332.50049018859863,32580.0
5431.0,334.3004951477051,32580.0
5431.0,336.1005001068115,32580.0
5431.0,338.70050621032715,32580.0
5431.0,341.10051345825195,32580.0
5431.0,343.2005195617676,32580.0
5431.0,345.3005256652832,32580.0
5431.0,347.2005310058594,32580.0
5431.0,348.70053482055664,32580.0
5431.0,350.6005401611328,32580.0
5431.0,353.6005516052246,32580.0
5431.0,356.50056076049805,32580.0
5431.0,358.30056381225586,32580.0
5431.0,360.8005714416504,32580.0
5431.0,363.7005805969238,32580.0
5431.0,365.80058670043945,32580.0
5431.0,368.300594329834,32580.0
5431.0,370.8006019592285,32580.0
5431.0,372.50060653686523,32580.0
5431.0,375.7006187438965,32580.0
5431.0,377.40061950683594,32580.0
5431.0,380.40063095092773,32580.0
5431.0,382.80063247680664,32580.0
5917.0,385.7006378173828,32094.0
5917.0,388.0006408691406,32094.0
5884.0,391.2006530761719,32094.0
5826.0,394.80066680908203,32094.0
6714.0,398.4006805419922,31192.0
6714.0,400.4006881713867,31192.0
6708.0,402.40069580078125,31192.0
6708.0,404.4007034301758,31192.0
6708.0,406.4007110595703,31192.0
6708.0,408.40071868896484,31192.0
6708.0,410.1007194519043,31192.0
6708.0,413.1007308959961,31192.0
6708.0,416.1007423400879,31192.0
6708.0,419.1007537841797,31192.0
6708.0,421.8007621765137,31192.0
6708.0,424.3007698059082,31192.0
6708.0,426.2007751464844,31192.0
6708.0,428.7007827758789,31192.0
6708.0,431.30078887939453,31192.0
6708.0,434.1007995605469,31192.0
6708.0,436.6008071899414,31192.0
6708.0,439.10081481933594,31192.0
6708.0,440.80081939697266,31192.0
6708.0,443.2008247375488,31192.0
6708.0,445.9008331298828,31192.0
6708.0,448.2008399963379,31192.0
6708.0,450.10084533691406,31192.0
6708.0,451.9008483886719,31192.0
6708.0,454.7008590698242,31192.0
7685.0,457.50086975097656,30193.0
7685.0,459.200870513916,30193.0
7685.0,461.40087890625,30193.0
7685.0,464.4008903503418,30193.0
7685.0,467.4009017944336,30193.0
7650.0,470.4009132385254,30193.0
8096.0,473.4009246826172,29744.0
8096.0,475.4009323120117,29744.0
8094.0,477.40093994140625,29744.0
8094.0,479.4009475708008,29744.0
8094.0,481.4009552001953,29744.0
8094.0,483.40096282958984,29744.0
8094.0,485.1009635925293,29744.0
8094.0,487.800968170166,29744.0
8094.0,491.2009811401367,29744.0
8094.0,494.8009948730469,29744.0
8094.0,498.40100860595703,29744.0
8094.0,502.0010223388672,29744.0
8094.0,505.60103607177734,29744.0
8094.0,509.2010498046875,29744.0
8094.0,512.8010635375977,29744.0
8094.0,514.7010688781738,29744.0
8094.0,517.2010765075684,29744.0
8094.0,520.2010879516602,29744.0
8094.0,523.5010986328125,29744.0
8094.0,525.4011039733887,29744.0
8094.0,527.3011093139648,29744.0
8090.0,529.201114654541,29744.0
8089.0,531.1011199951172,29744.0
8089.0,532.901123046875,29744.0
8089.0,534.7011260986328,29744.0
8089.0,536.5011291503906,29744.0
8084.0,538.3011322021484,29744.0
8083.0,540.1011352539062,29744.0
8082.0,541.9011383056641,29744.0
8081.0,543.7011413574219,29744.0
8081.0,545.7011451721191,29744.0
8081.0,547.4011497497559,29744.0
8081.0,549.7011566162109,29744.0
8081.0,551.6011619567871,29744.0
8081.0,553.1011657714844,29744.0
8081.0,554.4011688232422,29744.0
8081.0,555.3011703491211,29744.0
8081.0,558.1011810302734,29744.0
8081.0,561.5011940002441,29744.0
8081.0,564.9012069702148,29744.0
8081.0,567.8012161254883,29744.0
8081.0,570.2012214660645,29744.0
8081.0,573.1012306213379,29744.0
8081.0,574.9012336730957,29744.0
8081.0,576.2012329101562,29744.0
8081.0,579.0012435913086,29744.0
8081.0,581.1012496948242,29744.0
8081.0,582.901252746582,29744.0
8081.0,585.5012588500977,29744.0
8081.0,588.7012710571289,29744.0
8081.0,591.9012832641602,29744.0
8081.0,594.8012924194336,29744.0
8081.0,596.4012908935547,29744.0
8081.0,598.3012924194336,29744.0
8081.0,601.7012977600098,29744.0
8081.0,604.3012962341309,29744.0
8081.0,605.8012924194336,29744.0
8081.0,608.3012847900391,29744.0
8081.0,610.9012794494629,29744.0
8081.0,612.6012725830078,29744.0
8081.0,615.3012771606445,29744.0
8081.0,617.1012763977051,29744.0
8081.0,618.7012748718262,29744.0
8081.0,619.7012710571289,29744.0
8081.0,620.5012664794922,29744.0
8081.0,622.5012664794922,29744.0
8081.0,626.9012680053711,29744.0
8081.0,631.30126953125,29744.0
8081.0,635.7012634277344,29744.0
8081.0,640.1012496948242,29744.0
8081.0,644.5012321472168,29744.0
8354.0,648.9012107849121,29471.0
8308.0,650.901195526123,29471.0
8308.0,652.8011779785156,29471.0
8308.0,654.6011695861816,29471.0
9076.0,658.5011367797852,28670.0
9076.0,660.5011215209961,28670.0
9076.0,662.501106262207,28670.0
9076.0,664.5010871887207,28670.0
9076.0,665.8010673522949,28670.0
9076.0,669.4010238647461,28670.0
9076.0,673.2009735107422,28670.0
9076.0,677.0009231567383,28670.0
9076.0,680.8008728027344,28670.0
8925.0,684.6008224487305,28670.0
9344.0,688.4007720947266,28218.0
9344.0,690.4007415771484,28218.0
9337.0,692.4007110595703,28218.0
9337.0,694.1006851196289,28218.0
9335.0,697.1006469726562,28218.0
9334.0,700.1006088256836,28218.0
9334.0,703.1005706787109,28218.0
9334.0,706.1005325317383,28218.0
9334.0,709.1004943847656,28218.0
9334.0,712.100456237793,28218.0
9334.0,715.1004180908203,28218.0
9334.0,718.1003799438477,28218.0
9334.0,720.0003509521484,28218.0
9334.0,722.5003204345703,28218.0
9334.0,725.3002853393555,28218.0
9334.0,728.1002502441406,28218.0
9334.0,730.2002182006836,28218.0
9334.0,732.7001876831055,28218.0
9334.0,735.2001571655273,28218.0
9334.0,737.7001266479492,28218.0
9334.0,739.60009765625,28218.0
9334.0,742.200065612793,28218.0
9334.0,744.1000366210938,28218.0
9334.0,745.8000106811523,28218.0
9334.0,748.2999801635742,28218.0
9334.0,750.2999572753906,28218.0
9334.0,753.0999221801758,28218.0
9334.0,755.8998870849609,28218.0
9334.0,758.2998580932617,28218.0
9334.0,760.9998245239258,28218.0
9334.0,763.2997970581055,28218.0
9570.0,765.9997634887695,27982.0
9570.0,767.8997344970703,27982.0
9550.0,770.4997024536133,27982.0
10111.0,772.4996719360352,27421.0
10111.0,774.499641418457,27421.0
10111.0,776.4996109008789,27421.0
10111.0,778.4995803833008,27421.0
10111.0,780.4995498657227,27421.0
10111.0,782.4995193481445,27421.0
10111.0,784.4994888305664,27421.0
10111.0,786.4994583129883,27421.0
10111.0,788.4994277954102,27421.0
10111.0,790.499397277832,27421.0
10111.0,792.4993667602539,27421.0
10111.0,794.4993362426758,27421.0
10111.0,796.4993057250977,27421.0
10111.0,798.3992767333984,27421.0
10111.0,799.7992553710938,27421.0
10111.0,801.3992309570312,27421.0
10111.0,802.2992172241211,27421.0
10111.0,803.6991958618164,27421.0
10111.0,805.0991744995117,27421.0
10111.0,806.7991485595703,27421.0
10111.0,808.3991241455078,27421.0
10111.0,810.0990982055664,27421.0
10111.0,811.6990737915039,27421.0
10111.0,813.3990478515625,27421.0
10111.0,815.1990203857422,27421.0
10111.0,816.7989959716797,27421.0
10111.0,818.5989685058594,27421.0
10111.0,820.1989440917969,27421.0
10111.0,821.39892578125,27421.0
10111.0,823.6988983154297,27421.0
10111.0,825.4988708496094,27421.0
10111.0,827.198844909668,27421.0
10111.0,828.9988174438477,27421.0
10111.0,830.5987930297852,27421.0
10111.0,832.1987686157227,27421.0
10111.0,833.7987442016602,27421.0
10111.0,835.3987197875977,27421.0
10111.0,836.9986953735352,27421.0
10111.0,838.5986709594727,27421.0
10111.0,840.3986434936523,27421.0
10111.0,841.9986190795898,27421.0
10111.0,843.4985961914062,27421.0
10111.0,845.0985717773438,27421.0
10111.0,846.6985473632812,27421.0
10111.0,848.0985260009766,27421.0
10111.0,849.7985000610352,27421.0
10111.0,851.5984725952148,27421.0
10111.0,853.1984481811523,27421.0
10111.0,854.8984222412109,27421.0
10111.0,857.598388671875,27421.0
10111.0,858.8983688354492,27421.0
10111.0,859.7983551025391,27421.0
10111.0,860.4983444213867,27421.0
10111.0,862.0983200073242,27421.0
10111.0,863.998291015625,27421.0
10111.0,865.5982666015625,27421.0
10111.0,867.0982437133789,27421.0
10111.0,868.7982177734375,27421.0
10111.0,870.398193359375,27421.0
10111.0,872.1981658935547,27421.0
10111.0,873.7981414794922,27421.0
10111.0,875.1981201171875,27421.0
10111.0,876.8980941772461,27421.0
10111.0,878.2980728149414,27421.0
10111.0,879.8980484008789,27421.0
10111.0,881.3980255126953,27421.0
10111.0,882.9980010986328,27421.0
10111.0,884.7979736328125,27421.0
10111.0,886.6979446411133,27421.0
10111.0,888.1979217529297,27421.0
10111.0,889.1979064941406,27421.0
10111.0,890.7978820800781,27421.0
10111.0,892.5978546142578,27421.0
10111.0,894.1978302001953,27421.0
10111.0,895.8978042602539,27421.0
10111.0,897.4977798461914,27421.0
10111.0,899.2977523803711,27421.0
10111.0,900.9977264404297,27421.0
10111.0,902.5977020263672,27421.0
10111.0,903.1976928710938,27421.0
10111.0,904.7976684570312,27421.0
10111.0,906.3976440429688,27421.0
10111.0,907.9976196289062,27421.0
10111.0,909.5975952148438,27421.0
10111.0,910.897575378418,27421.0
10111.0,912.4975509643555,27421.0
10111.0,914.097526550293,27421.0
10111.0,915.6975021362305,27421.0
10111.0,918.3974685668945,27421.0
10111.0,919.997444152832,27421.0
10111.0,921.5974197387695,27421.0
10111.0,923.2973937988281,27421.0
10111.0,924.9973678588867,27421.0
10111.0,926.5973434448242,27421.0
10111.0,927.9973220825195,27421.0
10111.0,929.597297668457,27421.0
10111.0,931.1972732543945,27421.0
10111.0,932.1972579956055,27421.0
10111.0,933.797233581543,27421.0
10111.0,935.3972091674805,27421.0
10111.0,936.997184753418,27421.0
10111.0,938.5971603393555,27421.0
10111.0,939.7971420288086,27421.0
10111.0,940.6971282958984,27421.0
10111.0,942.2971038818359,27421.0
10111.0,943.8970794677734,27421.0
10111.0,946.097053527832,27421.0
10111.0,947.5970306396484,27421.0
10111.0,949.297004699707,27421.0
10111.0,951.0969772338867,27421.0
10111.0,952.6969528198242,27421.0
10111.0,954.4969253540039,27421.0
10111.0,956.0969009399414,27421.0
10111.0,957.8968734741211,27421.0
10111.0,959.4968490600586,27421.0
10111.0,960.2968368530273,27421.0
10111.0,960.996826171875,27421.0
10111.0,962.5968017578125,27421.0
10111.0,964.2967758178711,27421.0
10111.0,966.0967483520508,27421.0
10111.0,967.6967239379883,27421.0
10111.0,969.2966995239258,27421.0
10111.0,970.9966735839844,27421.0
10111.0,972.5966491699219,27421.0
10111.0,973.6966323852539,27421.0
10111.0,975.1966094970703,27421.0
10111.0,976.7965850830078,27421.0
10111.0,978.4965591430664,27421.0
10111.0,980.2965316772461,27421.0
10111.0,981.9965057373047,27421.0
10111.0,983.5964813232422,27421.0
10111.0,985.1964569091797,27421.0
10111.0,986.7964324951172,27421.0
10111.0,988.1964111328125,27421.0
10111.0,989.79638671875,27421.0
10111.0,991.3963623046875,27421.0
10111.0,992.8963394165039,27421.0
10111.0,994.4963150024414,27421.0
10111.0,996.0962905883789,27421.0
10111.0,997.6962661743164,27421.0
10111.0,999.2962417602539,27421.0
10111.0,1000.9962158203125,27421.0
10111.0,1002.7961883544922,27421.0
10111.0,1004.0961685180664,27421.0
10111.0,1006.8961334228516,27421.0
10111.0,1010.2960891723633,27421.0
10111.0,1013.1960525512695,27421.0
10111.0,1014.9960250854492,27421.0
10111.0,1016.89599609375,27421.0
10111.0,1018.6959686279297,27421.0
10111.0,1020.5959396362305,27421.0
10111.0,1023.7958984375,27421.0
10111.0,1026.9958572387695,27421.0
10111.0,1030.195816040039,27421.0
10111.0,1033.3957748413086,27421.0
10111.0,1036.5957336425781,27421.0
10111.0,1039.7956924438477,27421.0
10111.0,1041.7956619262695,27421.0
10111.0,1043.4956359863281,27421.0
10111.0,1045.2956085205078,27421.0
10111.0,1047.0955810546875,27421.0
10111.0,1048.8955535888672,27421.0
10111.0,1050.6955261230469,27421.0
10111.0,1052.3955001831055,27421.0
10111.0,1054.1954727172852,27421.0
10111.0,1055.8954467773438,27421.0
10111.0,1057.5954208374023,27421.0
10111.0,1060.3953857421875,27421.0
10111.0,1062.095359802246,27421.0
10111.0,1063.8953323364258,27421.0
10111.0,1065.4953079223633,27421.0
10111.0,1067.295280456543,27421.0
10111.0,1069.0952529907227,27421.0
10111.0,1070.8952255249023,27421.0
10111.0,1072.695198059082,27421.0
10111.0,1074.1951751708984,27421.0
10111.0,1076.0951461791992,27421.0
10111.0,1077.5951232910156,27421.0
10111.0,1079.6950988769531,27421.0
10111.0,1081.9950637817383,27421.0
10111.0,1083.795036315918,27421.0
10111.0,1085.6950073242188,27421.0
10111.0,1088.1949768066406,27421.0
10111.0,1089.9949493408203,27421.0
10111.0,1091.794921875,27421.0
10111.0,1093.5948944091797,27421.0
10111.0,1095.2948684692383,27421.0
10111.0,1096.7948455810547,27421.0
10111.0,1098.3948211669922,27421.0
10111.0,1099.9947967529297,27421.0
10111.0,1101.394775390625,27421.0
10111.0,1102.7947540283203,27421.0
10111.0,1103.9947357177734,27421.0
10111.0,1106.5947036743164,27421.0
10111.0,1109.2946701049805,27421.0
10111.0,1110.6946487426758,27421.0
10111.0,1112.2946243286133,27421.0
10111.0,1113.7946014404297,27421.0
10111.0,1115.194580078125,27421.0
10111.0,1116.6945571899414,27421.0
10111.0,1117.8945388793945,27421.0
10111.0,1119.2945175170898,27421.0
10111.0,1120.7944946289062,27421.0
10111.0,1122.1944732666016,27421.0
10111.0,1123.3944549560547,27421.0
10111.0,1124.4944381713867,27421.0
10111.0,1125.894416809082,27421.0
10111.0,1127.2943954467773,27421.0
10111.0,1128.994369506836,27421.0
10111.0,1130.5943450927734,27421.0
10111.0,1132.194320678711,27421.0
10111.0,1133.7942962646484,27421.0
10111.0,1135.1942749023438,27421.0
10111.0,1136.7942504882812,27421.0
10111.0,1138.4942245483398,27421.0
10111.0,1140.1941986083984,27421.0
10111.0,1141.894172668457,27421.0
10111.0,1143.4941482543945,27421.0
10111.0,1144.994125366211,27421.0
10111.0,1146.4941024780273,27421.0
10111.0,1148.0940780639648,27421.0
10111.0,1149.5940551757812,27421.0
10111.0,1151.2940292358398,27421.0
10111.0,1152.9940032958984,27421.0
10111.0,1154.4939804077148,27421.0
10111.0,1155.8939590454102,27421.0
10111.0,1157.0939407348633,27421.0
10111.0,1157.893928527832,27421.0
10111.0,1159.2939071655273,27421.0
10111.0,1160.4938888549805,27421.0
10111.0,1161.8938674926758,27421.0
10111.0,1163.293846130371,27421.0
10111.0,1165.0938186645508,27421.0
10111.0,1166.8937911987305,27421.0
10111.0,1168.9937591552734,27421.0
10111.0,1171.0937271118164,27421.0
10111.0,1172.4937057495117,27421.0
10111.0,1173.4936904907227,27421.0
10111.0,1174.4936752319336,27421.0
10111.0,1176.093650817871,27421.0
10111.0,1177.1936340332031,27421.0
10111.0,1178.5936126708984,27421.0
10111.0,1179.9935913085938,27421.0
10111.0,1181.293571472168,27421.0
10111.0,1182.8935470581055,27421.0
10111.0,1184.493522644043,27421.0
10111.0,1185.8935012817383,27421.0
10111.0,1188.193473815918,27421.0
10111.0,1191.6934280395508,27421.0
10111.0,1193.2934036254883,27421.0
10111.0,1194.7933807373047,27421.0
10111.0,1196.3933563232422,27421.0
10111.0,1197.7933349609375,27421.0
10111.0,1198.9933166503906,27421.0
10111.0,1200.493293762207,27421.0
10111.0,1202.0932693481445,27421.0
10111.0,1203.7932434082031,27421.0
10111.0,1205.1932220458984,27421.0
10111.0,1206.1932067871094,27421.0
10111.0,1207.1931915283203,27421.0
10111.0,1208.893165588379,27421.0
10111.0,1211.093132019043,27421.0
10111.0,1213.6930923461914,27421.0
10111.0,1214.6930770874023,27421.0
10111.0,1215.8930587768555,27421.0
10111.0,1217.0930404663086,27421.0
10111.0,1218.2930221557617,27421.0
10111.0,1219.4930114746094,27421.0
10111.0,1220.4930038452148,27421.0
10111.0,1221.4930038452148,27421.0
10111.0,1222.8929824829102,27421.0
10111.0,1224.3929595947266,27421.0
10111.0,1225.9929428100586,27421.0
10111.0,1227.6929168701172,27421.0
10111.0,1229.592887878418,27421.0
10111.0,1232.0928573608398,27421.0
10111.0,1233.4928359985352,27421.0
10111.0,1235.0928115844727,27421.0
10111.0,1236.492805480957,27421.0
10111.0,1238.092788696289,27421.0
10111.0,1239.692771911621,27421.0
10111.0,1241.4927444458008,27421.0
10111.0,1243.0927276611328,27421.0
10111.0,1244.4927215576172,27421.0
10111.0,1245.6927185058594,27421.0
10111.0,1246.4927139282227,27421.0
10111.0,1247.8927001953125,27421.0
10111.0,1249.0926818847656,27421.0
10111.0,1250.5926666259766,27421.0
10111.0,1251.7926483154297,27421.0
10111.0,1253.1926345825195,27421.0
10111.0,1254.192626953125,27421.0
10111.0,1255.4926376342773,27421.0
10111.0,1256.8926544189453,27421.0
10111.0,1258.2926712036133,27421.0
10111.0,1259.8926620483398,27421.0
10111.0,1261.2926559448242,27421.0
10111.0,1262.492660522461,27421.0
10111.0,1263.9926528930664,27421.0
10111.0,1265.4926452636719,27421.0
10111.0,1266.8926467895508,27421.0
10111.0,1268.5926208496094,27421.0
10111.0,1271.0925903320312,27421.0
10111.0,1272.1925964355469,27421.0
10111.0,1273.5925979614258,27421.0
10111.0,1274.9925918579102,27421.0
10111.0,1276.4925842285156,27421.0
10111.0,1277.992576599121,27421.0
10111.0,1279.3925857543945,27421.0
10111.0,1280.7925872802734,27421.0
10111.0,1282.1925888061523,27421.0
10111.0,1283.6925964355469,27421.0
10111.0,1285.0926132202148,27421.0
10111.0,1286.692611694336,27421.0
10111.0,1288.292610168457,27421.0
10111.0,1289.8926086425781,27421.0
10111.0,1291.2926177978516,27421.0
10111.0,1293.0925979614258,27421.0
10111.0,1294.8925857543945,27421.0
10111.0,1297.0925674438477,27421.0
10111.0,1300.0925216674805,27421.0
10111.0,1301.492530822754,27421.0
10111.0,1302.9925231933594,27421.0
10111.0,1303.992546081543,27421.0
10111.0,1304.7925720214844,27421.0
10111.0,1305.8925704956055,27421.0
10111.0,1307.292579650879,27421.0
10111.0,1308.6925735473633,27421.0
10111.0,1309.892593383789,27421.0
10111.0,1310.8926162719727,27421.0
10111.0,1312.0926055908203,27421.0
10111.0,1313.5926055908203,27421.0
10111.0,1314.9926147460938,27421.0
10111.0,1316.192626953125,27421.0
10111.0,1317.5926208496094,27421.0
10111.0,1319.092628479004,27421.0
10111.0,1320.4926376342773,27421.0
10111.0,1321.4926528930664,27421.0
10111.0,1322.8926620483398,27421.0
10111.0,1324.2926712036133,27421.0
10111.0,1325.0926818847656,27421.0
10111.0,1326.4926986694336,27421.0
10111.0,1327.7926940917969,27421.0
10111.0,1329.4926834106445,27421.0
10111.0,1331.1926803588867,27421.0
10111.0,1332.7926788330078,27421.0
10111.0,1334.1926956176758,27421.0
10111.0,1335.2926940917969,27421.0
10111.0,1336.9926834106445,27421.0
10111.0,1339.8926467895508,27421.0
10111.0,1342.4926147460938,27421.0
10111.0,1344.0926132202148,27421.0
10111.0,1345.7926025390625,27421.0
10111.0,1347.4925918579102,27421.0
10111.0,1348.8926086425781,27421.0
10111.0,1349.9926071166992,27421.0
10111.0,1351.3926239013672,27421.0
10111.0,1352.592643737793,27421.0
10111.0,1353.992660522461,27421.0
10111.0,1355.392677307129,27421.0
10111.0,1356.99267578125,27421.0
10111.0,1358.7926559448242,27421.0
10111.0,1360.5926361083984,27421.0
10111.0,1362.292625427246,27421.0
10111.0,1363.8926239013672,27421.0
10111.0,1365.3926391601562,27421.0
10111.0,1367.4926376342773,27421.0
10111.0,1368.9926452636719,27421.0
10111.0,1370.092643737793,27421.0
10111.0,1371.492660522461,27421.0
10111.0,1372.892677307129,27421.0
10111.0,1374.3926849365234,27421.0
10111.0,1375.9926834106445,27421.0
10111.0,1377.6926727294922,27421.0
10111.0,1379.3926620483398,27421.0
10111.0,1381.0926513671875,27421.0
10111.0,1382.7926406860352,27421.0
10111.0,1384.5926208496094,27421.0
10111.0,1386.292610168457,27421.0
10111.0,1387.692626953125,27421.0
10111.0,1389.1926574707031,27421.0
10111.0,1393.1925964355469,27421.0
10111.0,1397.1925354003906,27421.0
10111.0,1400.692481994629,27421.0
10111.0,1402.0924987792969,27421.0
10111.0,1403.5925064086914,27421.0
10111.0,1405.1925048828125,27421.0
10111.0,1406.692512512207,27421.0
10111.0,1408.1925201416016,27421.0
10111.0,1409.4925155639648,27421.0
10111.0,1410.9925231933594,27421.0
10111.0,1412.3925399780273,27421.0
10111.0,1413.6925506591797,27421.0
10111.0,1415.0925674438477,27421.0
10111.0,1416.2925872802734,27421.0
10111.0,1417.5925827026367,27421.0
10111.0,1418.9925994873047,27421.0
10111.0,1420.0926132202148,27421.0
10111.0,1421.4926300048828,27421.0
10111.0,1422.9926452636719,27421.0
10111.0,1425.692626953125,27421.0
10111.0,1427.092643737793,27421.0
10111.0,1428.692642211914,27421.0
10111.0,1430.1926498413086,27421.0
10111.0,1431.9926300048828,27421.0
10111.0,1433.3926467895508,27421.0
10111.0,1434.8926544189453,27421.0
10111.0,1436.4926528930664,27421.0
10111.0,1438.0926513671875,27421.0
10111.0,1439.592658996582,27421.0
10111.0,1441.1926574707031,27421.0
10111.0,1442.8926467895508,27421.0
10111.0,1444.4926452636719,27421.0
10111.0,1446.092628479004,27421.0
10111.0,1447.692626953125,27421.0
10111.0,1449.092643737793,27421.0
10111.0,1450.1926574707031,27421.0
10111.0,1451.6926651000977,27421.0
10111.0,1453.1926498413086,27421.0
10111.0,1456.1926193237305,27421.0
10111.0,1457.9926071166992,27421.0
10111.0,1459.5925903320312,27421.0
10111.0,1461.0925979614258,27421.0
10111.0,1462.6925964355469,27421.0
10111.0,1464.1925888061523,27421.0
10111.0,1465.7925872802734,27421.0
10111.0,1467.1925888061523,27421.0
10111.0,1468.7925872802734,27421.0
10111.0,1470.3925857543945,27421.0
10111.0,1471.9925842285156,27421.0
10111.0,1473.5925827026367,27421.0
10111.0,1474.9925994873047,27421.0
10111.0,1476.4926071166992,27421.0
10111.0,1478.1925964355469,27421.0
10111.0,1479.8925857543945,27421.0
10111.0,1481.5925750732422,27421.0
10111.0,1483.1925735473633,27421.0
10111.0,1484.7925720214844,27421.0
10111.0,1486.4925689697266,27421.0
10111.0,1489.092544555664,27421.0
10111.0,1490.9925384521484,27421.0
10111.0,1492.3925399780273,27421.0
10111.0,1493.7925567626953,27421.0
10111.0,1495.3925552368164,27421.0
10111.0,1496.892562866211,27421.0
10111.0,1498.1925735473633,27421.0
10111.0,1499.2925872802734,27421.0
10111.0,1500.5925979614258,27421.0
10111.0,1502.1925964355469,27421.0
10111.0,1503.992576599121,27421.0
10111.0,1505.5925750732422,27421.0
10111.0,1507.2925643920898,27421.0
10111.0,1509.092544555664,27421.0
10111.0,1510.8925247192383,27421.0
10111.0,1512.592514038086,27421.0
10111.0,1514.192512512207,27421.0
10111.0,1515.7925109863281,27421.0
10111.0,1517.192527770996,27421.0
10111.0,1520.7924728393555,27421.0
10111.0,1522.4924774169922,27421.0
10111.0,1524.0924758911133,27421.0
10111.0,1525.6924743652344,27421.0
10111.0,1527.392463684082,27421.0
10111.0,1528.8924713134766,27421.0
10111.0,1530.3924865722656,27421.0
10111.0,1531.8924865722656,27421.0
10111.0,1533.5924835205078,27421.0
10111.0,1535.3924713134766,27421.0
10111.0,1537.0924682617188,27421.0
10111.0,1538.792465209961,27421.0
10111.0,1540.29248046875,27421.0
10111.0,1541.792495727539,27421.0
10111.0,1543.2925109863281,27421.0
10111.0,1544.7925262451172,27421.0
10111.0,1546.2925415039062,27421.0
10111.0,1547.7925567626953,27421.0
10111.0,1549.2925720214844,27421.0
10111.0,1550.892578125,27421.0
10111.0,1552.9925537109375,27421.0
10111.0,1554.5925598144531,27421.0
10111.0,1556.0925750732422,27421.0
10111.0,1557.6925811767578,27421.0
10111.0,1559.1925964355469,27421.0
10111.0,1560.692611694336,27421.0
10111.0,1562.192626953125,27421.0
10111.0,1563.7926330566406,27421.0
10111.0,1565.3926391601562,27421.0
10111.0,1566.9926452636719,27421.0
10111.0,1568.5926513671875,27421.0
10111.0,1569.99267578125,27421.0
10111.0,1571.492691040039,27421.0
10111.0,1573.0926971435547,27421.0
10111.0,1574.6927032470703,27421.0
10111.0,1576.292709350586,27421.0
10014.0,1577.8927154541016,27421.0
10014.0,1579.5927124023438,27421.0
10014.0,1582.0926971435547,27421.0
10014.0,1584.2926788330078,27421.0
10014.0,1585.7926635742188,27421.0
10014.0,1587.0926513671875,27421.0
10014.0,1588.3926391601562,27421.0
10014.0,1589.4926300048828,27421.0
10014.0,1590.3926239013672,27421.0
10014.0,1591.192626953125,27421.0
10014.0,1592.0926208496094,27421.0
10014.0,1592.9926147460938,27421.0
9917.0,1594.4925994873047,27421.0
9820.0,1597.8925476074219,27421.0
9820.0,1600.592514038086,27421.0
9818.0,1603.0924835205078,27421.0
9818.0,1604.792465209961,27421.0
10683.0,1605.4924621582031,26554.0
10682.0,1607.6924285888672,26554.0
11125.0,1610.2924041748047,26111.0
11125.0,1612.2923736572266,26111.0
11125.0,1614.2923431396484,26111.0
11125.0,1616.2923126220703,26111.0
11028.0,1618.2922821044922,26111.0
11028.0,1620.292251586914,26111.0
10932.0,1622.292221069336,26111.0
10932.0,1624.2921905517578,26111.0
10932.0,1626.2921600341797,26111.0
10932.0,1628.2921295166016,26111.0
10932.0,1630.2920989990234,26111.0
10932.0,1632.2920684814453,26111.0
10836.0,1634.092056274414,26111.0
10836.0,1636.7920227050781,26111.0
10836.0,1638.6920013427734,26111.0
10836.0,1640.3919982910156,26111.0
10836.0,1642.1919860839844,26111.0
10836.0,1643.9919738769531,26111.0
10836.0,1645.7919616699219,26111.0
10836.0,1646.9919738769531,26111.0
10836.0,1648.8919525146484,26111.0
10836.0,1650.491958618164,26111.0
10836.0,1652.0919494628906,26111.0
10739.0,1653.7919311523438,26111.0
10738.0,1655.0919494628906,26111.0
10738.0,1657.9919128417969,26111.0
10738.0,1660.3918762207031,26111.0
10738.0,1663.1918334960938,26111.0
10738.0,1664.7918395996094,26111.0
10738.0,1666.5918273925781,26111.0
10738.0,1668.3918151855469,26111.0
10738.0,1670.1918029785156,26111.0
10738.0,1671.9917907714844,26111.0
10738.0,1673.7917785644531,26111.0
10738.0,1675.5917663574219,26111.0
10738.0,1677.0917663574219,26111.0
10738.0,1678.8917541503906,26111.0
10738.0,1680.5917510986328,26111.0
10738.0,1682.4917297363281,26111.0
10738.0,1684.8917083740234,26111.0
10738.0,1686.6916961669922,26111.0
10738.0,1688.491683959961,26111.0
10738.0,1690.2916717529297,26111.0
10738.0,1692.0916595458984,26111.0
10641.0,1693.7916564941406,26111.0
10641.0,1695.5916442871094,26111.0
10641.0,1697.2916412353516,26111.0
10641.0,1698.9916381835938,26111.0
10641.0,1700.6916198730469,26111.0
10641.0,1702.9915924072266,26111.0
10641.0,1705.8915557861328,26111.0
10641.0,1709.0915069580078,26111.0
10641.0,1711.3914794921875,26111.0
10641.0,1713.1914672851562,26111.0
10641.0,1714.991455078125,26111.0
10641.0,1716.8914337158203,26111.0
10641.0,1718.691421508789,26111.0
10641.0,1720.4914093017578,26111.0
10641.0,1722.2913970947266,26111.0
10641.0,1724.0913848876953,26111.0
10641.0,1725.891372680664,26111.0
10641.0,1727.2913970947266,26111.0
10641.0,1729.1913757324219,26111.0
10641.0,1730.7913665771484,26111.0
10641.0,1732.391357421875,26111.0
10641.0,1734.1913452148438,26111.0
10641.0,1736.091323852539,26111.0
10641.0,1737.6913146972656,26111.0
10641.0,1739.2913055419922,26111.0
10641.0,1740.7913055419922,26111.0
10641.0,1742.6912841796875,26111.0
10641.0,1744.09130859375,26111.0
10641.0,1745.9912872314453,26111.0
10544.0,1747.6912689208984,26111.0
10544.0,1749.4912567138672,26111.0
10543.0,1751.291244506836,26111.0
10543.0,1752.5912628173828,26111.0
10543.0,1754.3912506103516,26111.0
10543.0,1755.9912567138672,26111.0
10543.0,1757.3912811279297,26111.0
10543.0,1759.1912689208984,26111.0
10543.0,1760.9912567138672,26111.0
10543.0,1762.3912811279297,26111.0
10543.0,1764.1912689208984,26111.0
10543.0,1766.0912475585938,26111.0
10543.0,1768.491226196289,26111.0
10543.0,1770.8911895751953,26111.0
10543.0,1772.9911651611328,26111.0
10543.0,1774.7911529541016,26111.0
10543.0,1776.2911682128906,26111.0
10543.0,1778.0911560058594,26111.0
10543.0,1779.5911712646484,26111.0
10543.0,1781.0911865234375,26111.0
10543.0,1782.7911834716797,26111.0
10543.0,1783.8911895751953,26111.0
10543.0,1785.691177368164,26111.0
10543.0,1786.9912109375,26111.0
10543.0,1788.6912078857422,26111.0
10543.0,1790.3912048339844,26111.0
10543.0,1792.5911865234375,26111.0
10543.0,1793.9911804199219,26111.0
10543.0,1797.391128540039,26111.0
10543.0,1801.591064453125,26111.0
10543.0,1805.791000366211,26111.0
10543.0,1809.9909362792969,26111.0
10543.0,1813.0908966064453,26111.0
10543.0,1814.9908752441406,26111.0
10543.0,1816.890853881836,26111.0
10543.0,1818.7908325195312,26111.0
10543.0,1820.6908111572266,26111.0
10543.0,1823.290771484375,26111.0
10543.0,1825.7907409667969,26111.0
10543.0,1827.6907196044922,26111.0
10543.0,1829.5906982421875,26111.0
10543.0,1831.3906860351562,26111.0
10543.0,1833.8906555175781,26111.0
10543.0,1836.4906158447266,26111.0
10543.0,1838.9905853271484,26111.0
10543.0,1840.7905731201172,26111.0
10543.0,1842.6905517578125,26111.0
10543.0,1844.5905303955078,26111.0
10543.0,1846.4905090332031,26111.0
10543.0,1848.990478515625,26111.0
10543.0,1850.8904571533203,26111.0
10543.0,1853.5904235839844,26111.0
10543.0,1856.9903717041016,26111.0
10543.0,1858.8903503417969,26111.0
10543.0,1861.3903198242188,26111.0
10543.0,1864.3902740478516,26111.0
10543.0,1866.2902526855469,26111.0
10543.0,1867.6902465820312,26111.0
10543.0,1869.990219116211,26111.0
10543.0,1872.8901824951172,26111.0
10543.0,1874.690170288086,26111.0
10543.0,1876.0901641845703,26111.0
10543.0,1878.1901397705078,26111.0
10543.0,1881.7900848388672,26111.0
10543.0,1885.3900299072266,26111.0
11478.0,1888.1899871826172,25176.0
12410.0,1890.8899536132812,24244.0
12410.0,1893.4899139404297,24244.0
12410.0,1896.0898742675781,24244.0
12410.0,1898.6898345947266,24244.0
12410.0,1901.289794921875,24244.0
12410.0,1903.8897552490234,24244.0
12410.0,1906.4897155761719,24244.0
12410.0,1909.0896759033203,24244.0
12410.0,1911.6896362304688,24244.0
12410.0,1914.1896057128906,24244.0
12410.0,1915.9895935058594,24244.0
12410.0,1917.8895721435547,24244.0
12410.0,1919.78955078125,24244.0
12410.0,1921.6895294189453,24244.0
12410.0,1924.2894897460938,24244.0
12410.0,1926.189468383789,24244.0
12410.0,1927.9894561767578,24244.0
12410.0,1929.8894348144531,24244.0
12410.0,1931.7894134521484,24244.0
12390.0,1933.6893920898438,24244.0
12389.0,1935.4893798828125,24244.0
12388.0,1937.3893585205078,24244.0
12387.0,1939.2893371582031,24244.0
12386.0,1941.1893157958984,24244.0
12386.0,1943.7892761230469,24244.0
12386.0,1945.6892547607422,24244.0
12386.0,1947.5892333984375,24244.0
12386.0,1949.3892211914062,24244.0
12386.0,1951.2891998291016,24244.0
12386.0,1953.1891784667969,24244.0
12386.0,1955.0891571044922,24244.0
12386.0,1957.6891174316406,24244.0
12386.0,1959.589096069336,24244.0
12386.0,1961.4890747070312,24244.0
12386.0,1963.3890533447266,24244.0
12386.0,1965.2890319824219,24244.0
12386.0,1967.0890197753906,24244.0
12386.0,1968.988998413086,24244.0
12386.0,1970.8889770507812,24244.0
12386.0,1972.7889556884766,24244.0
12386.0,1974.6889343261719,24244.0
12386.0,1976.5889129638672,24244.0
12386.0,1978.4888916015625,24244.0
12386.0,1980.2888793945312,24244.0
12386.0,1982.1888580322266,24244.0
12386.0,1984.0888366699219,24244.0
12386.0,1985.9888153076172,24244.0
12386.0,1987.8887939453125,24244.0
12386.0,1989.6887817382812,24244.0
12386.0,1991.5887603759766,24244.0
12386.0,1993.4887390136719,24244.0
12386.0,1995.3887176513672,24244.0
12386.0,1997.2886962890625,24244.0
12386.0,1999.1886749267578,24244.0
12386.0,2001.0886535644531,24244.0
12386.0,2002.9886322021484,24244.0
12386.0,2004.8886108398438,24244.0
12386.0,2006.788589477539,24244.0
12386.0,2008.6885681152344,24244.0
12386.0,2010.5885467529297,24244.0
12386.0,2012.488525390625,24244.0
12386.0,2014.3885040283203,24244.0
12386.0,2016.2884826660156,24244.0
12386.0,2018.188461303711,24244.0
12386.0,2020.0884399414062,24244.0
12386.0,2021.888427734375,24244.0
12386.0,2024.8883819580078,24244.0
12386.0,2028.0883331298828,24244.0
12386.0,2031.2882843017578,24244.0
12386.0,2033.0882720947266,24244.0
12386.0,2035.7882385253906,24244.0
12386.0,2037.688217163086,24244.0
12386.0,2039.5881958007812,24244.0
12386.0,2041.2881774902344,24244.0
12288.0,2043.0881652832031,24244.0
12287.0,2045.588134765625,24244.0
12286.0,2047.4881134033203,24244.0
12286.0,2050.0880737304688,24244.0
12286.0,2053.2880249023438,24244.0
12286.0,2056.4879760742188,24244.0
12286.0,2058.7879638671875,24244.0
12286.0,2061.7879180908203,24244.0
12286.0,2063.6878967285156,24244.0
12286.0,2065.9878845214844,24244.0
12286.0,2068.787841796875,24244.0
12286.0,2071.487808227539,24244.0
12286.0,2074.2877655029297,24244.0
12286.0,2076.387741088867,24244.0
12286.0,2078.2877197265625,24244.0
12286.0,2079.9877166748047,24244.0
12286.0,2081.687713623047,24244.0
12286.0,2084.587677001953,24244.0
12286.0,2086.2876586914062,24244.0
12286.0,2087.9876403808594,24244.0
12286.0,2089.6876220703125,24244.0
12286.0,2092.8875732421875,24244.0
12286.0,2095.987533569336,24244.0
12286.0,2098.487503051758,24244.0
12286.0,2100.387481689453,24244.0
12286.0,2103.087448120117,24244.0
12286.0,2104.7874298095703,24244.0
12286.0,2106.587417602539,24244.0
12286.0,2108.1874237060547,24244.0
12286.0,2111.1873779296875,24244.0
12286.0,2114.3873291015625,24244.0
12286.0,2116.287307739258,24244.0
12286.0,2119.2872619628906,24244.0
12286.0,2120.8872680664062,24244.0
13054.0,2123.5872650146484,23476.0
13054.0,2126.9872131347656,23476.0
12870.0,2130.387161254883,23476.0
13183.0,2133.787109375,23117.0
13181.0,2135.787078857422,23117.0
13179.0,2137.7870483398438,23117.0
13179.0,2139.7870178222656,23117.0
13179.0,2141.7869873046875,23117.0
13179.0,2143.7869567871094,23117.0
13179.0,2145.7869262695312,23117.0
13179.0,2147.786895751953,23117.0
13179.0,2149.786865234375,23117.0
13179.0,2151.786834716797,23117.0
13179.0,2153.686813354492,23117.0
13179.0,2155.5867919921875,23117.0
13179.0,2157.186798095703,23117.0
13179.0,2160.2867584228516,23117.0
13179.0,2163.6867065429688,23117.0
13179.0,2167.086654663086,23117.0
13179.0,2170.486602783203,23117.0
13179.0,2173.8865509033203,23117.0
13179.0,2177.186508178711,23117.0
13179.0,2179.5864868164062,23117.0
13179.0,2182.1864624023438,23117.0
13179.0,2184.4864349365234,23117.0
13179.0,2186.3864135742188,23117.0
13179.0,2188.586410522461,23117.0
13179.0,2191.5863647460938,23117.0
13179.0,2193.486343383789,23117.0
13179.0,2195.286331176758,23117.0
13179.0,2197.7863006591797,23117.0
13179.0,2200.7862548828125,23117.0
13179.0,2203.2862243652344,23117.0
13179.0,2205.1862030029297,23117.0
13179.0,2206.9861907958984,23117.0
13179.0,2208.786178588867,23117.0
13179.0,2210.4861602783203,23117.0
13179.0,2212.1861419677734,23117.0
13179.0,2213.486129760742,23117.0
13179.0,2214.986129760742,23117.0
13179.0,2218.486083984375,23117.0
13179.0,2219.7860717773438,23117.0
13179.0,2221.686050415039,23117.0
13179.0,2223.5860290527344,23117.0
13179.0,2225.4860076904297,23117.0
13179.0,2228.2859649658203,23117.0
13179.0,2230.1859436035156,23117.0
13179.0,2232.785903930664,23117.0
13179.0,2234.6858825683594,23117.0
13179.0,2236.3858642578125,23117.0
13179.0,2238.685836791992,23117.0
13179.0,2241.2857971191406,23117.0
13179.0,2244.4857482910156,23117.0
13179.0,2247.6856994628906,23117.0
13179.0,2249.785675048828,23117.0
13179.0,2252.78564453125,23117.0
13179.0,2256.185592651367,23117.0
13179.0,2259.5855407714844,23117.0
13417.0,2262.9854888916016,22802.0
13417.0,2265.58544921875,22802.0
13417.0,2267.285446166992,22802.0
13417.0,2270.085403442383,22802.0
13417.0,2273.0853576660156,22802.0
13417.0,2276.0853118896484,22802.0
13417.0,2278.385284423828,22802.0
13417.0,2281.7852325439453,22802.0
13417.0,2285.1851806640625,22802.0
13417.0,2288.5851287841797,22802.0
13417.0,2291.985076904297,22802.0
13417.0,2295.385025024414,22802.0
13417.0,2298.7849731445312,22802.0
13374.0,2302.1849212646484,22802.0
13371.0,2304.6848907470703,22802.0
14056.0,2306.5848693847656,22115.0
14056.0,2308.984848022461,22115.0
14056.0,2311.9848022460938,22115.0
14056.0,2314.9847564697266,22115.0
14056.0,2317.9847106933594,22115.0
14056.0,2320.6846771240234,22115.0
14218.0,2323.284637451172,21953.0
14218.0,2325.0846252441406,21953.0
14218.0,2327.8845825195312,21953.0
14218.0,2330.684539794922,21953.0
14218.0,2333.4844970703125,21953.0
14218.0,2336.284454345703,21953.0
14218.0,2338.084442138672,21953.0
14218.0,2339.984420776367,21953.0
14218.0,2341.8843994140625,21953.0
14218.0,2343.5843811035156,21953.0
14218.0,2345.484359741211,21953.0
14218.0,2347.3843383789062,21953.0
14218.0,2349.2843170166016,21953.0
14218.0,2351.184295654297,21953.0
14218.0,2353.7842559814453,21953.0
14218.0,2356.784210205078,21953.0
14218.0,2359.784164428711,21953.0
14218.0,2362.7841186523438,21953.0
14218.0,2365.7840728759766,21953.0
14218.0,2368.7840270996094,21953.0
14218.0,2371.783981323242,21953.0
14137.0,2374.783935546875,21953.0
14136.0,2377.783889770508,21953.0
14774.0,2379.48388671875,21315.0
14773.0,2382.183868408203,21315.0
14772.0,2384.5838317871094,21315.0
14772.0,2387.583786010742,21315.0
14772.0,2390.583740234375,21315.0
14772.0,2392.8837127685547,21315.0
14772.0,2394.78369140625,21315.0
14772.0,2396.483688354492,21315.0
14772.0,2399.683639526367,21315.0
14772.0,2401.5836181640625,21315.0
14772.0,2403.7836151123047,21315.0
14772.0,2406.883575439453,21315.0
14772.0,2409.4835357666016,21315.0
14772.0,2412.283493041992,21315.0
14772.0,2413.9835052490234,21315.0
14772.0,2417.3834533691406,21315.0
14772.0,2420.1834259033203,21315.0
14772.0,2422.983383178711,21315.0
14772.0,2425.683349609375,21315.0
14772.0,2427.5833282470703,21315.0
14772.0,2430.183303833008,21315.0
14772.0,2432.883270263672,21315.0
14772.0,2434.783248901367,21315.0
14772.0,2436.4832458496094,21315.0
14772.0,2440.283187866211,21315.0
