"stored","consumed","remaining"
0.0,1.9000000283122063,37966.0
573.0,5.400000184774399,37383.0
573.0,7.700000107288361,37383.0
563.0,10.600000262260437,37383.0
1094.0,12.600000619888306,36842.0
1088.0,14.700001120567322,36842.0
1084.0,17.20000147819519,36842.0
1078.0,20.200002193450928,36842.0
1078.0,23.4000027179718,36842.0
1829.0,26.90000343322754,36086.0
1829.0,30.30000400543213,36086.0
1821.0,33.60000443458557,36086.0
1810.0,36.900004148483276,36086.0
2275.0,38.80000376701355,35621.0
2275.0,40.70000243186951,35621.0
2275.0,43.00000071525574,35621.0
2273.0,46.39999842643738,35621.0
2267.0,49.79999589920044,35621.0
2259.0,53.29999303817749,35621.0
2259.0,57.29999017715454,35621.0
2269.0,60.79998779296875,35605.0
2261.0,63.69998550415039,35605.0
2255.0,66.59998321533203,35605.0
2765.0,69.29998111724854,35095.0
2763.0,71.19997930526733,35095.0
2761.0,73.6999773979187,35095.0
2761.0,77.29997444152832,35095.0
2761.0,80.89997148513794,35095.0
2752.0,84.49996948242188,35095.0
3529.0,87.99996662139893,34303.0
3529.0,90.799964427948,34303.0
3522.0,93.59996175765991,34303.0
3518.0,96.39995956420898,34303.0
4088.0,99.6999568939209,33728.0
4082.0,102.49995422363281,33728.0
4775.0,105.49995136260986,33028.0
4772.0,107.39995002746582,33028.0
4772.0,109.29994869232178,33028.0
4768.0,111.19994735717773,33028.0
4764.0,113.09994602203369,33028.0
4764.0,114.99994468688965,33028.0
4761.0,118.09994220733643,33028.0
4761.0,121.69993877410889,33028.0
4744.0,125.29993534088135,33028.0
5408.0,129.19993209838867,32356.0
5404.0,131.9999294281006,32356.0
5404.0,134.79992771148682,32356.0
5397.0,137.49992656707764,32356.0
5397.0,140.9999237060547,32356.0
6011.0,144.29992389678955,31739.0
6006.0,147.4999237060547,31739.0
6006.0,150.69992351531982,31739.0
6658.0,152.79992580413818,31082.0
6650.0,155.59992694854736,31082.0
6851.0,158.09992790222168,30881.0
6847.0,159.79992961883545,30881.0
6843.0,162.79993152618408,30881.0
6842.0,165.79993438720703,30881.0
6842.0,168.6999397277832,30881.0
6835.0,171.5999460220337,30881.0
6835.0,174.69995403289795,30881.0
7756.0,178.59996128082275,29942.0
7754.0,180.6999683380127,29942.0
7754.0,183.69997787475586,29942.0
7754.0,186.19998741149902,29942.0
7754.0,189.5999984741211,29942.0
7754.0,193.00000953674316,29942.0
7743.0,196.40002059936523,29942.0
7731.0,200.10003280639648,29942.0
7722.0,204.30004501342773,29942.0
8252.0,208.00005531311035,29407.0
8247.0,211.60006523132324,29407.0
8247.0,215.1000747680664,29407.0
8229.0,218.60008430480957,29407.0
8805.0,222.10009384155273,28828.0
8804.0,224.60010147094727,28828.0
9696.0,227.1001091003418,27927.0
9696.0,229.0001163482666,27927.0
9696.0,231.10012435913086,27927.0
9696.0,233.80013275146484,27927.0
9696.0,236.30014038085938,27927.0
9696.0,239.80015182495117,27927.0
9696.0,243.40016174316406,27927.0
9696.0,247.6001739501953,27927.0
9693.0,251.80018615722656,27927.0
9672.0,256.0001983642578,27927.0
9703.0,259.30020904541016,27880.0
10473.0,263.70022201538086,27103.0
10473.0,266.700231552124,27103.0
10466.0,269.7002410888672,27103.0
10464.0,272.7002487182617,27103.0
10464.0,275.8002586364746,27103.0
10463.0,280.00027084350586,27103.0
10463.0,284.2002830505371,27103.0
12034.0,288.40029525756836,25517.0
12016.0,290.30030250549316,25517.0
12011.0,292.20030975341797,25517.0
12011.0,294.10031509399414,25517.0
12011.0,297.8003273010254,25517.0
11996.0,301.4003391265869,25517.0
11996.0,304.80034828186035,25517.0
12407.0,307.4003562927246,25098.0
12400.0,309.40036392211914,25098.0
12393.0,311.3003692626953,25098.0
12393.0,313.40037536621094,25098.0
12393.0,315.10037994384766,25098.0
12393.0,316.8003845214844,25098.0
12393.0,320.7003974914551,25098.0
12393.0,325.1004123687744,25098.0
12393.0,329.5004291534424,25098.0
12371.0,333.90044593811035,25098.0
12358.0,338.3004627227783,25098.0
12358.0,341.3004741668701,25098.0
13105.0,343.30048179626465,24343.0
13105.0,345.3004894256592,24343.0
13105.0,347.3004970550537,24343.0
13105.0,349.3005027770996,24343.0
13105.0,351.30051040649414,24343.0
13105.0,353.4005184173584,24343.0
13105.0,356.40052795410156,24343.0
13105.0,359.40053939819336,24343.0
13105.0,363.5005531311035,24343.0
13105.0,367.1005668640137,24343.0
13098.0,370.9005813598633,24343.0
13084.0,374.4005928039551,24343.0
13796.0,378.00060653686523,23631.0
13793.0,382.0006217956543,23631.0
13788.0,385.900634765625,23631.0
14093.0,389.0006446838379,23325.0
14093.0,392.1006546020508,23325.0
14080.0,395.2006645202637,23325.0
14078.0,398.30067443847656,23325.0
14882.0,401.00068283081055,22521.0
14880.0,402.9006881713867,22521.0
14880.0,404.8006935119629,22521.0
14880.0,407.7007026672363,22521.0
14880.0,411.7007179260254,22521.0
14880.0,415.6007308959961,22521.0
14880.0,419.60074615478516,22521.0
14880.0,423.8007621765137,22521.0
14880.0,427.9007759094238,22521.0
14867.0,432.20079040527344,22521.0
14825.0,437.4008102416992,22521.0
15646.0,442.600830078125,21693.0
15646.0,445.6008415222168,21693.0
15639.0,448.6008529663086,21693.0
15637.0,451.6008644104004,21693.0
15637.0,454.6008758544922,21693.0
15623.0,457.600887298584,21693.0
16317.0,460.6008987426758,20990.0
16315.0,462.90090560913086,20990.0
16314.0,465.50091552734375,20990.0
16314.0,468.20092391967773,20990.0
16314.0,470.9009323120117,20990.0
16314.0,474.4009437561035,20990.0
16578.0,478.0009574890137,20717.0
16578.0,480.800968170166,20717.0
16578.0,483.5009765625,20717.0
16572.0,486.9009895324707,20717.0
16567.0,490.3010025024414,20717.0
17434.0,493.50101470947266,19850.0
17432.0,496.0010223388672,19850.0
17432.0,499.30103302001953,19850.0
17424.0,502.6010437011719,19850.0
18412.0,505.9010543823242,18861.0
18412.0,509.7010688781738,18861.0
18412.0,513.7010841369629,18861.0
18406.0,517.6010971069336,18861.0
18399.0,522.0011138916016,18861.0
18993.0,526.2011299133301,18264.0
18977.0,530.0011444091797,18264.0
19351.0,533.8011589050293,17890.0
19344.0,536.4011688232422,17890.0
19344.0,539.0011787414551,17890.0
19344.0,541.5011863708496,17890.0
19335.0,544.6011962890625,17890.0
19335.0,547.601203918457,17890.0
19440.0,550.0012092590332,17785.0
19440.0,552.4012145996094,17785.0
19440.0,554.8012199401855,17785.0
19440.0,557.0012245178223,17785.0
19657.0,559.201229095459,17559.0
19657.0,560.9012298583984,17559.0
19657.0,564.0012397766113,17559.0
19657.0,567.1012496948242,17559.0
19657.0,570.2012596130371,17559.0
19657.0,573.4012680053711,17559.0
19657.0,577.3012809753418,17559.0
19652.0,581.2012939453125,17559.0
19646.0,585.1013069152832,17559.0
19630.0,588.7013092041016,17559.0
20380.0,592.2013130187988,16809.0
20376.0,594.901309967041,16809.0
20360.0,597.6013069152832,16809.0
20360.0,601.2013092041016,16809.0
21040.0,604.6013107299805,16127.0
21038.0,607.3013114929199,16127.0
21038.0,610.7013092041016,16127.0
21038.0,614.1013069152832,16127.0
21038.0,617.5013046264648,16127.0
21038.0,620.8013000488281,16127.0
21038.0,624.8013000488281,16127.0
21045.0,628.8013000488281,16102.0
21045.0,632.0012969970703,16102.0
21045.0,635.3012809753418,16102.0
21045.0,638.6012687683105,16102.0
21045.0,642.1012496948242,16102.0
21045.0,646.1012306213379,16102.0
21336.0,650.301212310791,15784.0
22041.0,654.2011909484863,15077.0
22041.0,657.8011703491211,15077.0
22041.0,661.4011497497559,15077.0
22041.0,665.0011291503906,15077.0
22019.0,668.7011070251465,15077.0
22019.0,672.001091003418,15077.0
22351.0,674.9010734558105,14741.0
22348.0,678.3010482788086,14741.0
22338.0,681.0010261535645,14741.0
22440.0,683.9010009765625,14638.0
22439.0,686.9009742736816,14638.0
22438.0,689.9009475708008,14638.0
22437.0,692.8009147644043,14638.0
22437.0,695.7008819580078,14638.0
22437.0,698.6008453369141,14638.0
22437.0,701.5008087158203,14638.0
22430.0,704.2007751464844,14638.0
23098.0,706.7007446289062,13953.0
23098.0,708.2007217407227,13953.0
23098.0,709.7006988525391,13953.0
23098.0,713.1006546020508,13953.0
23098.0,716.4006118774414,13953.0
23098.0,719.700569152832,13953.0
23098.0,723.0005264282227,13953.0
23098.0,726.3004837036133,13953.0
23098.0,729.6004409790039,13953.0
23098.0,732.9003982543945,13953.0
23098.0,736.2003555297852,13953.0
23098.0,739.5003128051758,13953.0
23070.0,742.8002700805664,13953.0
23105.0,746.100227355957,13918.0
23092.0,748.0001983642578,13918.0
23092.0,749.9001693725586,13918.0
23091.0,751.7001419067383,13918.0
23070.0,753.500114440918,13918.0
23065.0,755.2000885009766,13918.0
23061.0,757.0000610351562,13918.0
23058.0,758.900032043457,13918.0
23054.0,760.8000030517578,13918.0
23054.0,762.5999755859375,13918.0
23051.0,764.6999435424805,13918.0
23051.0,767.3999099731445,13918.0
23049.0,770.0998764038086,13918.0
