"run","stored"
1,0.0
1,0.0
1,0.0
1,0.0
1,0.0
1,0.0
1,0.0
1,0.0
1,0.0
1,0.0
1,0.0
1,0.0
1,434.0
1,430.0
1,430.0
1,425.0
1,425.0
1,421.0
1,421.0
1,421.0
1,421.0
1,421.0
1,421.0
1,421.0
1,421.0
1,421.0
1,421.0
1,421.0
1,421.0
1,421.0
1,421.0
1,421.0
1,421.0
1,421.0
1,421.0
1,421.0
1,421.0
1,421.0
1,421.0
1,421.0
1,421.0
1,421.0
1,940.0
1,939.0
1,939.0
1,938.0
1,938.0
1,937.0
1,937.0
1,937.0
1,937.0
1,937.0
1,937.0
1,937.0
1,937.0
1,937.0
1,937.0
1,937.0
1,937.0
1,937.0
1,937.0
1,937.0
1,937.0
1,937.0
1,937.0
1,937.0
1,937.0
1,937.0
1,937.0
1,937.0
1,937.0
1,937.0
1,937.0
1,937.0
1,937.0
1,937.0
1,937.0
1,937.0
1,937.0
1,1292.0
1,1292.0
1,1290.0
1,1287.0
1,1285.0
1,1284.0
1,1283.0
1,1283.0
1,1283.0
1,1283.0
1,1279.0
1,1660.0
1,1656.0
1,1656.0
1,1654.0
1,1654.0
1,1653.0
1,1653.0
1,1653.0
1,1650.0
1,1650.0
1,1650.0
1,1650.0
1,1650.0
1,1650.0
1,1650.0
1,1650.0
1,1650.0
1,1650.0
1,1648.0
1,1647.0
1,1646.0
1,1646.0
1,1646.0
1,1646.0
1,1646.0
1,1646.0
1,1646.0
1,1646.0
1,1646.0
1,1646.0
1,1846.0
1,1846.0
1,1846.0
1,1846.0
1,1846.0
1,1846.0
1,1846.0
1,1846.0
1,1846.0
1,1846.0
1,1846.0
1,1846.0
1,1846.0
1,1846.0
1,1846.0
1,1846.0
1,1846.0
1,1846.0
1,1846.0
1,1846.0
1,1846.0
1,1846.0
1,1846.0
1,1846.0
1,1846.0
1,1846.0
1,1846.0
1,1846.0
1,1846.0
1,1875.0
1,1875.0
1,1875.0
1,1875.0
1,1875.0
1,1875.0
1,1875.0
1,1875.0
1,1875.0
1,1875.0
1,1875.0
1,1875.0
1,1875.0
1,1875.0
1,1875.0
1,1875.0
1,1875.0
1,1875.0
1,1875.0
1,1875.0
1,1875.0
1,1875.0
1,1875.0
1,1875.0
1,1875.0
1,1875.0
1,1875.0
1,1875.0
1,1875.0
1,1875.0
1,1875.0
1,1875.0
1,1875.0
1,1875.0
1,1875.0
1,1875.0
1,1875.0
1,1875.0
1,2237.0
1,2236.0
1,2236.0
1,2236.0
1,2236.0
1,2236.0
1,2236.0
1,2236.0
1,2236.0
1,2236.0
1,2236.0
1,2236.0
1,2236.0
1,2236.0
1,2236.0
1,2236.0
1,2236.0
1,2236.0
1,2236.0
1,2236.0
1,2236.0
1,2236.0
1,2103.0
1,2746.0
1,2746.0
1,2745.0
1,2745.0
1,2745.0
1,2745.0
1,3542.0
1,3537.0
1,3537.0
1,3537.0
1,3537.0
1,3537.0
1,3537.0
1,3537.0
1,3537.0
1,3537.0
1,3537.0
1,3537.0
1,3537.0
1,3537.0
1,3537.0
1,3537.0
1,3537.0
1,3537.0
1,3537.0
1,3537.0
1,3537.0
1,3537.0
1,3537.0
1,3537.0
1,3537.0
1,3537.0
1,3537.0
1,3537.0
1,3537.0
1,3537.0
1,3537.0
1,3537.0
1,3537.0
1,3537.0
1,3537.0
1,3537.0
1,3537.0
1,3537.0
1,3537.0
1,3537.0
1,3537.0
1,3537.0
1,3537.0
1,3537.0
1,3537.0
1,3537.0
1,3537.0
1,3537.0
1,3537.0
1,3537.0
1,3537.0
1,3537.0
1,3537.0
1,3537.0
1,3537.0
1,3537.0
1,3537.0
1,3537.0
1,3537.0
1,3537.0
1,3537.0
1,3537.0
1,3537.0
1,3537.0
1,3537.0
1,3537.0
1,3537.0
1,3537.0
1,3537.0
1,3537.0
1,3537.0
1,3537.0
1,3537.0
1,3537.0
1,3537.0
1,3537.0
1,3537.0
1,3537.0
1,3537.0
1,3537.0
1,3537.0
1,3537.0
1,3537.0
1,3537.0
1,3537.0
1,3537.0
1,3537.0
1,3537.0
1,3537.0
1,3537.0
1,3537.0
1,3537.0
1,3537.0
1,3537.0
1,3537.0
1,3537.0
1,3465.0
1,3465.0
1,3465.0
1,3465.0
1,3465.0
1,3465.0
1,3465.0
1,3465.0
1,3465.0
1,3465.0
1,3465.0
1,3465.0
1,3465.0
1,3607.0
1,3607.0
1,3607.0
1,3606.0
1,3605.0
1,3605.0
1,3605.0
1,3605.0
1,3605.0
1,3605.0
1,3605.0
1,3605.0
1,3605.0
1,3605.0
1,3605.0
1,3605.0
1,3605.0
1,3605.0
1,3605.0
1,3605.0
1,3605.0
1,3605.0
1,3605.0
1,3605.0
1,3605.0
1,3605.0
1,3605.0
1,3605.0
1,3605.0
1,3605.0
1,3605.0
1,3605.0
1,3605.0
1,3605.0
1,3605.0
1,3605.0
1,3605.0
1,3605.0
1,3605.0
1,3605.0
1,3605.0
1,3605.0
1,3605.0
1,3605.0
1,3605.0
1,3605.0
1,3605.0
1,3605.0
1,3605.0
1,3605.0
1,3605.0
1,3444.0
1,3675.0
1,3675.0
1,3675.0
1,3675.0
1,3675.0
1,3675.0
1,3675.0
1,3675.0
1,3675.0
1,3675.0
1,3675.0
1,3675.0
1,3675.0
1,3675.0
1,3675.0
1,3637.0
1,4410.0
1,4410.0
1,4410.0
1,4409.0
1,4409.0
1,4409.0
1,4409.0
1,4409.0
1,5092.0
1,5031.0
1,5030.0
1,5030.0
1,5030.0
1,5030.0
1,5030.0
1,5030.0
1,5030.0
1,5030.0
1,5030.0
1,5030.0
1,5030.0
1,5030.0
1,5030.0
1,5030.0
1,5030.0
1,5030.0
1,5030.0
1,5030.0
1,5030.0
1,5030.0
1,5030.0
1,5030.0
1,5030.0
1,5030.0
1,5030.0
1,5030.0
1,5030.0
1,5030.0
1,5030.0
1,5030.0
1,5030.0
1,5030.0
1,5030.0
1,5030.0
1,5030.0
1,5030.0
1,5030.0
1,5030.0
1,5030.0
1,5030.0
1,5030.0
1,5030.0
1,5030.0
1,5030.0
1,5030.0
1,5030.0
1,5030.0
1,5030.0
1,5030.0
1,5030.0
1,5030.0
1,5030.0
1,5030.0
1,5030.0
1,5030.0
1,5030.0
1,5030.0
1,5030.0
1,5030.0
1,5030.0
1,5030.0
1,5030.0
1,5030.0
1,5030.0
1,5030.0
1,5030.0
1,5030.0
1,5030.0
1,5030.0
1,5030.0
1,5030.0
1,5030.0
1,5030.0
1,5030.0
1,5030.0
1,5030.0
1,5030.0
1,5030.0
1,5030.0
1,5030.0
1,5030.0
1,5030.0
1,5030.0
1,5030.0
1,5030.0
1,5030.0
1,5030.0
1,5030.0
1,5030.0
1,5030.0
1,5030.0
1,5030.0
1,5030.0
1,5030.0
1,5030.0
1,5030.0
1,5030.0
3,506.0
3,503.0
3,503.0
3,503.0
3,503.0
3,503.0
3,497.0
3,495.0
3,1469.0
3,1465.0
3,2346.0
3,2344.0
3,2343.0
3,2343.0
3,2343.0
3,2343.0
3,2343.0
3,2343.0
3,3041.0
3,3038.0
3,3038.0
3,3038.0
3,3038.0
3,3038.0
3,3006.0
3,3727.0
3,3724.0
3,3724.0
3,3724.0
3,3724.0
3,3716.0
3,4286.0
3,4286.0
3,4286.0
3,4286.0
3,4286.0
3,4286.0
3,4286.0
3,4286.0
3,4286.0
3,4286.0
3,4286.0
3,4286.0
3,4286.0
3,4286.0
3,4286.0
3,4286.0
3,4286.0
3,4286.0
3,4286.0
3,4286.0
3,4286.0
3,4286.0
3,4278.0
3,4677.0
3,4739.0
3,4739.0
3,4739.0
3,4739.0
3,4739.0
3,4739.0
3,4739.0
3,4739.0
3,4739.0
3,4739.0
3,5020.0
3,5020.0
3,5020.0
3,5020.0
3,5020.0
3,5020.0
3,5020.0
3,5020.0
3,5020.0
3,5020.0
3,5020.0
3,5020.0
3,5020.0
3,5020.0
3,5020.0
3,5020.0
3,5020.0
3,5020.0
3,5020.0
3,5020.0
3,5020.0
3,5020.0
3,5020.0
3,5020.0
3,5020.0
3,5020.0
3,5010.0
3,5965.0
3,5945.0
3,5945.0
3,5945.0
3,5945.0
3,5945.0
3,5945.0
3,5945.0
3,5945.0
3,5916.0
3,6864.0
3,6863.0
3,6863.0
3,6863.0
3,6863.0
3,6863.0
3,6785.0
3,6782.0
3,7558.0
3,7557.0
3,7557.0
3,7557.0
3,7557.0
3,7550.0
3,7550.0
3,8134.0
3,8132.0
3,8132.0
3,8132.0
3,8132.0
3,8132.0
3,9059.0
3,9058.0
3,9058.0
3,9058.0
3,9011.0
3,9011.0
3,9264.0
3,9264.0
3,9261.0
3,9260.0
3,9260.0
3,9260.0
3,9260.0
3,9260.0
3,9260.0
3,9260.0
3,9253.0
3,9253.0
3,9219.0
3,9218.0
3,9218.0
3,9218.0
3,9218.0
3,9218.0
3,9218.0
3,9218.0
3,9218.0
3,9218.0
3,9218.0
3,9218.0
3,9218.0
3,9218.0
3,9791.0
3,9791.0
3,9791.0
3,9791.0
3,9791.0
3,9791.0
3,9791.0
3,9791.0
3,9791.0
3,9791.0
3,9791.0
3,9791.0
3,9791.0
3,9791.0
3,9791.0
3,9791.0
3,9791.0
3,9780.0
3,9780.0
3,10553.0
3,10553.0
3,10553.0
3,10553.0
3,10553.0
3,11320.0
3,11725.0
3,11702.0
3,11701.0
3,11701.0
3,11701.0
3,11701.0
3,11682.0
3,12288.0
3,12287.0
3,12287.0
3,12287.0
3,12287.0
3,12287.0
3,12287.0
3,12287.0
3,12287.0
3,12287.0
3,12287.0
3,12287.0
3,12225.0
3,12225.0
3,12689.0
3,12686.0
3,12686.0
3,12686.0
3,12686.0
3,12686.0
3,12659.0
3,12869.0
3,12866.0
3,12866.0
3,12866.0
3,12866.0
3,13246.0
3,13246.0
3,13246.0
3,13481.0
3,13467.0
3,13467.0
3,13467.0
3,13467.0
3,13467.0
3,13467.0
3,13442.0
3,13442.0
3,13439.0
3,13967.0
3,13964.0
3,13964.0
3,13964.0
3,13964.0
3,13964.0
3,13964.0
3,13964.0
3,14359.0
3,14357.0
3,14357.0
3,14357.0
3,14357.0
3,14357.0
3,14357.0
3,14357.0
3,14357.0
3,14357.0
3,14357.0
3,14357.0
3,14357.0
3,14357.0
3,14357.0
3,14357.0
3,14357.0
3,14357.0
3,14477.0
3,14477.0
3,14477.0
3,14477.0
3,14477.0
3,14477.0
3,14477.0
3,14477.0
3,14477.0
3,14477.0
3,14477.0
3,14477.0
3,14477.0
3,14466.0
3,14465.0
3,14447.0
3,14568.0
3,14566.0
3,14566.0
3,14566.0
3,14566.0
3,14566.0
3,14566.0
3,14566.0
3,14566.0
3,14566.0
3,14566.0
3,14450.0
3,14633.0
3,14628.0
3,14627.0
3,14627.0
3,14627.0
3,14627.0
3,14627.0
3,14627.0
3,14627.0
3,14627.0
3,14627.0
3,14618.0
3,14618.0
3,14574.0
3,14776.0
3,14776.0
3,14776.0
3,14776.0
3,14776.0
3,14776.0
3,14776.0
3,14776.0
3,14776.0
3,14776.0
3,14776.0
3,14776.0
3,14776.0
3,14776.0
3,14776.0
3,14753.0
3,15161.0
3,15161.0
3,15161.0
3,15160.0
3,15123.0
3,15835.0
3,15835.0
3,15835.0
3,15835.0
3,15835.0
3,15835.0
3,15835.0
3,15835.0
3,15835.0
3,15835.0
3,15835.0
3,15835.0
3,15835.0
3,15835.0
3,15817.0
3,15817.0
3,16109.0
3,16108.0
3,16108.0
3,16108.0
3,16108.0
3,16108.0
3,16108.0
3,16074.0
3,17061.0
3,17059.0
3,17059.0
3,17254.0
3,17254.0
3,17254.0
3,17254.0
3,17254.0
3,17254.0
3,17254.0
3,17243.0
3,17613.0
3,17611.0
3,17611.0
3,17611.0
3,17611.0
3,17580.0
3,18534.0
3,18534.0
3,18532.0
3,18532.0
3,18532.0
3,18532.0
3,18532.0
3,18532.0
3,18532.0
3,18532.0
3,18532.0
3,18532.0
3,18532.0
3,18532.0
3,18532.0
3,18532.0
3,18750.0
3,18750.0
3,18748.0
3,18747.0
3,18746.0
3,18746.0
3,18746.0
3,19356.0
3,19356.0
3,19356.0
3,19356.0
3,19356.0
3,19356.0
3,19356.0
3,19356.0
3,19356.0
3,19356.0
3,19356.0
3,19356.0
3,19356.0
3,19356.0
3,19356.0
3,19356.0
3,19822.0
3,19822.0
3,19822.0
3,19822.0
3,19822.0
3,19822.0
3,19822.0
3,19822.0
3,19822.0
3,19822.0
3,19822.0
3,19822.0
3,19776.0
3,19787.0
3,19786.0
3,19786.0
3,20133.0
3,20131.0
3,20129.0
3,20129.0
3,20129.0
3,20129.0
3,20129.0
3,20129.0
3,20129.0
3,20129.0
3,20129.0
3,20129.0
3,20129.0
3,20129.0
3,21010.0
3,21010.0
3,21010.0
3,20948.0
3,20946.0
3,21736.0
3,21703.0
3,22564.0
3,22564.0
3,22561.0
3,22559.0
3,22540.0
3,22540.0
3,22538.0
3,22538.0
3,23203.0
3,23203.0
3,23202.0
3,23202.0
3,23201.0
3,23201.0
3,23201.0
3,23201.0
3,23200.0
3,23200.0
3,23200.0
3,23200.0
3,23200.0
3,23200.0
3,23200.0
3,23200.0
3,23200.0
3,23200.0
3,23200.0
3,23200.0
3,23200.0
3,23200.0
3,23200.0
3,23200.0
3,23200.0
3,23200.0
3,23200.0
3,23200.0
3,23200.0
3,23200.0
3,23200.0
3,23200.0
3,23200.0
3,23200.0
3,23200.0
3,23454.0
3,23480.0
3,23480.0
3,23480.0
3,23480.0
3,23480.0
3,23480.0
3,23480.0
3,23480.0
3,23861.0
3,23829.0
3,24287.0
3,24284.0
3,24284.0
3,24284.0
3,24284.0
3,24284.0
3,24284.0
3,24284.0
3,24284.0
3,24284.0
3,24284.0
3,24284.0
3,24284.0
3,24284.0
2,0.0
2,0.0
2,0.0
2,679.0
2,667.0
2,1477.0
2,1474.0
2,1474.0
2,1474.0
2,1474.0
2,1471.0
2,2345.0
2,2671.0
2,2671.0
2,2671.0
2,2671.0
2,2670.0
2,2669.0
2,2669.0
2,2669.0
2,2669.0
2,2669.0
2,2669.0
2,3591.0
2,3590.0
2,3582.0
2,4299.0
2,4292.0
2,4532.0
2,4528.0
2,4525.0
2,4524.0
2,4523.0
2,4523.0
2,4520.0
2,4518.0
2,4516.0
2,4516.0
2,4502.0
2,5056.0
2,5056.0
2,5046.0
2,5045.0
2,5045.0
2,5045.0
2,5045.0
2,5045.0
2,5045.0
2,5045.0
2,5045.0
2,5045.0
2,5045.0
2,5045.0
2,5045.0
2,5045.0
2,5045.0
2,5045.0
2,5045.0
2,5045.0
2,5027.0
2,5026.0
2,5316.0
2,5316.0
2,5316.0
2,5316.0
2,5316.0
2,5736.0
2,5735.0
2,5734.0
2,5734.0
2,5733.0
2,5733.0
2,5733.0
2,5717.0
2,5717.0
2,5723.0
2,5721.0
2,5721.0
2,5721.0
2,5737.0
2,5737.0
2,5736.0
2,5736.0
2,5736.0
2,5736.0
2,5736.0
2,5736.0
2,5736.0
2,5736.0
2,5736.0
2,5736.0
2,5736.0
2,5736.0
2,5736.0
2,5736.0
2,5736.0
2,5736.0
2,5736.0
2,5736.0
2,5736.0
2,5736.0
2,5935.0
2,5867.0
2,5864.0
2,5864.0
2,5864.0
2,5864.0
2,5864.0
2,5864.0
2,5864.0
2,5864.0
2,5864.0
2,5864.0
2,5864.0
2,5864.0
2,5864.0
2,5864.0
2,5864.0
2,5864.0
2,5851.0
2,6570.0
2,6536.0
2,6536.0
2,6536.0
2,6536.0
2,6536.0
2,6536.0
2,6536.0
2,6536.0
2,6536.0
2,6536.0
2,6536.0
2,6536.0
2,6536.0
2,6536.0
2,6536.0
2,6536.0
2,6536.0
2,7018.0
2,7018.0
2,6979.0
2,7170.0
2,7166.0
2,7166.0
2,7166.0
2,7166.0
2,7166.0
2,7166.0
2,7166.0
2,7166.0
2,7166.0
2,7166.0
2,7166.0
2,7113.0
2,7113.0
2,7759.0
2,7759.0
2,7759.0
2,7759.0
2,7759.0
2,7748.0
2,7730.0
2,8711.0
2,8709.0
2,8709.0
2,8709.0
2,8709.0
2,8709.0
2,8709.0
2,8709.0
2,8709.0
2,8709.0
2,8709.0
2,8709.0
2,8709.0
2,8709.0
2,8677.0
2,8646.0
2,8646.0
2,9078.0
2,9076.0
2,9076.0
2,9076.0
2,9076.0
2,9076.0
2,9076.0
2,9891.0
2,9891.0
2,9891.0
2,9891.0
2,9891.0
2,9891.0
2,9891.0
2,9891.0
2,9891.0
2,9891.0
2,9891.0
2,10103.0
2,10103.0
2,10103.0
2,10103.0
2,10103.0
2,10103.0
2,10103.0
2,10103.0
2,10103.0
2,10103.0
2,10103.0
2,10103.0
2,10103.0
2,10103.0
2,10103.0
2,10091.0
2,10791.0
2,10791.0
2,10778.0
2,10777.0
2,10777.0
2,11200.0
2,11199.0
2,11199.0
2,11199.0
2,11199.0
2,11175.0
2,11157.0
2,11300.0
2,11297.0
2,11295.0
2,11295.0
2,11295.0
2,11295.0
2,11295.0
2,11295.0
2,11295.0
2,11295.0
2,11295.0
2,11295.0
2,11295.0
2,11264.0
2,11573.0
2,11572.0
2,11571.0
2,11571.0
2,11571.0
2,11571.0
2,11571.0
2,11571.0
2,11571.0
2,11571.0
2,11571.0
2,11571.0
2,11571.0
2,11571.0
2,11571.0
2,11546.0
2,11536.0
2,11536.0
2,11535.0
2,11535.0
2,11535.0
2,11535.0
2,11535.0
2,12879.0
2,12879.0
2,12879.0
2,12879.0
2,12879.0
2,12879.0
2,12879.0
2,12879.0
2,12827.0
2,12826.0
2,13355.0
2,13355.0
2,13353.0
2,13304.0
2,13286.0
2,13284.0
2,13463.0
2,13438.0
2,13435.0
2,13435.0
2,13434.0
2,13433.0
2,13433.0
2,13433.0
2,13433.0
2,13433.0
2,13433.0
2,13433.0
2,13433.0
2,13433.0
2,13433.0
2,13433.0
2,13433.0
2,13433.0
2,13433.0
2,13433.0
2,13433.0
2,13433.0
2,13433.0
2,13433.0
2,13433.0
2,13433.0
2,13433.0
2,13433.0
2,13433.0
2,13433.0
2,13433.0
2,13433.0
2,13423.0
2,13422.0
2,13422.0
2,13421.0
2,13421.0
2,13421.0
2,13421.0
2,13421.0
2,13421.0
2,13421.0
2,13421.0
2,13421.0
2,13409.0
2,13389.0
2,14284.0
2,14260.0
2,14259.0
2,14259.0
2,14259.0
2,14259.0
2,14259.0
2,14259.0
2,14216.0
2,14649.0
2,14649.0
2,14648.0
2,14648.0
2,14648.0
2,14647.0
2,14646.0
2,14646.0
2,14646.0
2,14622.0
2,15548.0
2,15547.0
2,15547.0
2,15546.0
2,15546.0
2,15541.0
2,15540.0
2,15540.0
2,15540.0
2,15540.0
2,15463.0
2,15463.0
2,16030.0
2,16030.0
2,16026.0
2,16025.0
2,16024.0
2,16024.0
2,16024.0
2,16024.0
2,16024.0
2,16024.0
2,16024.0
2,16024.0
2,16024.0
2,16024.0
2,16024.0
2,16024.0
2,16024.0
2,16024.0
2,16024.0
2,16024.0
2,16024.0
2,15979.0
2,15971.0
2,16078.0
2,16077.0
2,16074.0
2,16073.0
2,16073.0
2,16073.0
2,16017.0
2,16471.0
2,16471.0
2,16471.0
2,16471.0
2,16471.0
2,16471.0
2,16471.0
2,16471.0
2,16471.0
2,16471.0
2,16471.0
2,16471.0
2,16471.0
2,16471.0
2,16471.0
2,16471.0
2,16471.0
2,16471.0
2,16471.0
2,16471.0
2,16471.0
2,16471.0
2,16471.0
2,16471.0
2,16471.0
2,16471.0
2,16471.0
2,16471.0
2,16471.0
2,16456.0
2,16417.0
2,16677.0
2,16673.0
2,16672.0
2,16672.0
2,17274.0
2,17273.0
2,17273.0
2,17273.0
2,17273.0
2,17273.0
2,17273.0
2,17273.0
2,17273.0
2,17273.0
2,17273.0
2,17273.0
2,17370.0
2,17338.0
2,17338.0
2,17313.0
2,17734.0
2,17734.0
2,17734.0
2,17734.0
2,17734.0
2,17734.0
2,17734.0
2,17734.0
2,17734.0
2,17734.0
2,17734.0
2,17734.0
2,17734.0
2,17734.0
2,17734.0
2,17734.0
2,17734.0
2,17734.0
2,17734.0
2,17734.0
2,17734.0
2,17734.0
2,17734.0
2,17734.0
2,17734.0
2,17734.0
2,17734.0
2,17734.0
2,17734.0
2,17734.0
2,17734.0
2,17734.0
2,17734.0
2,17734.0
2,17734.0
2,17734.0
2,17734.0
2,17734.0
2,17734.0
2,17734.0
2,17734.0
2,17734.0
2,17734.0
2,17734.0
2,17734.0
2,17734.0
2,17734.0
2,17734.0
2,17734.0
2,17734.0
2,17734.0
2,17734.0
2,17620.0
2,18528.0
2,18528.0
2,18528.0
2,18528.0
2,18528.0
2,18528.0
2,18528.0
2,18528.0
2,18528.0
2,18528.0
2,18528.0
4,0.0
4,0.0
4,0.0
4,0.0
4,918.0
4,914.0
4,914.0
4,914.0
4,914.0
4,911.0
4,911.0
4,911.0
4,1478.0
4,1478.0
4,1478.0
4,1478.0
4,1478.0
4,1478.0
4,1478.0
4,1478.0
4,1896.0
4,1896.0
4,1889.0
4,1886.0
4,1886.0
4,1874.0
4,1873.0
4,1873.0
4,1873.0
4,1873.0
4,1873.0
4,1873.0
4,1847.0
4,2188.0
4,2184.0
4,2180.0
4,2180.0
4,2180.0
4,2180.0
4,2168.0
4,2261.0
4,2261.0
4,2259.0
4,2259.0
4,2259.0
4,2259.0
4,2259.0
4,2259.0
4,2259.0
4,2259.0
4,2259.0
4,2259.0
4,2259.0
4,2259.0
4,2259.0
4,2245.0
4,2229.0
4,2229.0
4,3139.0
4,3139.0
4,3136.0
4,3133.0
4,3133.0
4,3133.0
4,3498.0
4,3498.0
4,3495.0
4,4009.0
4,3995.0
4,3994.0
4,3994.0
4,3994.0
4,3994.0
4,3994.0
4,3970.0
4,5031.0
4,5011.0
4,5772.0
4,5772.0
4,5770.0
4,5770.0
4,5766.0
4,5754.0
4,6662.0
4,6662.0
4,6661.0
4,6661.0
4,6661.0
4,6661.0
4,6661.0
4,6661.0
4,6661.0
4,6661.0
4,6661.0
4,6661.0
4,7410.0
4,7410.0
4,7410.0
4,7410.0
4,7410.0
4,7797.0
4,7797.0
4,7797.0
4,7797.0
4,7796.0
4,7794.0
4,7794.0
4,7793.0
4,7793.0
4,7793.0
4,7781.0
4,7850.0
4,7850.0
4,7850.0
4,7850.0
4,7815.0
4,8153.0
4,8150.0
4,8150.0
4,8150.0
4,8150.0
4,8150.0
4,8094.0
4,8555.0
4,8553.0
4,8553.0
4,8553.0
4,8553.0
4,8553.0
4,8553.0
4,8553.0
4,8553.0
4,8553.0
4,8553.0
4,8553.0
4,8553.0
4,8553.0
4,8553.0
4,8553.0
4,8553.0
4,8553.0
4,8553.0
4,8553.0
4,8553.0
4,8553.0
4,8553.0
4,8553.0
4,8553.0
4,8553.0
4,8553.0
4,8553.0
4,9510.0
4,9629.0
4,9629.0
4,9628.0
4,9628.0
4,9618.0
4,9618.0
4,9871.0
4,9869.0
4,9869.0
4,9869.0
4,9869.0
4,9869.0
4,9869.0
4,9869.0
4,9869.0
4,9869.0
4,9869.0
4,9869.0
4,9869.0
4,9869.0
4,9869.0
4,9869.0
4,9869.0
4,9869.0
4,9869.0
4,9869.0
4,10576.0
4,10576.0
4,10574.0
4,10574.0
4,10567.0
4,10554.0
4,10554.0
4,11249.0
4,11894.0
4,11892.0
4,11892.0
4,11892.0
4,11867.0
4,12678.0
4,12677.0
4,12677.0
4,12677.0
4,12677.0
4,12677.0
4,12677.0
4,12677.0
4,12677.0
4,12677.0
4,12639.0
4,13417.0
4,13414.0
4,13414.0
4,13412.0
4,13412.0
4,13412.0
4,13412.0
4,13412.0
4,13412.0
4,13412.0
4,13362.0
4,14072.0
4,14069.0
4,14069.0
4,14069.0
4,14069.0
4,14069.0
4,14055.0
4,14055.0
4,14070.0
4,14070.0
4,14069.0
4,14069.0
4,14069.0
4,14069.0
4,14069.0
4,14069.0
4,14069.0
4,14069.0
4,14069.0
4,14069.0
4,14069.0
4,14069.0
4,14060.0
4,14931.0
4,14929.0
4,14929.0
4,14929.0
4,14929.0
4,14929.0
4,14929.0
4,14929.0
4,14919.0
4,14919.0
4,15574.0
4,15573.0
4,15572.0
4,16409.0
4,16409.0
4,16409.0
4,16409.0
4,16409.0
4,16396.0
4,16396.0
4,16396.0
4,16997.0
4,16997.0
4,16997.0
4,16997.0
4,16997.0
4,16997.0
4,16997.0
4,16997.0
4,16997.0
4,16997.0
4,17118.0
4,17117.0
4,17117.0
4,17117.0
4,17117.0
4,17117.0
4,17117.0
4,17117.0
4,17117.0
4,17117.0
4,17284.0
4,17265.0
4,17265.0
4,17265.0
4,17265.0
4,17265.0
4,17265.0
4,17265.0
4,17248.0
4,17248.0
4,18385.0
4,18373.0
4,18373.0
4,18372.0
4,18372.0
4,18372.0
4,18355.0
4,18355.0
4,19267.0
4,19266.0
4,19265.0
4,19265.0
4,19265.0
4,19341.0
4,19320.0
4,19319.0
4,20014.0
4,20012.0
4,20012.0
4,20011.0
4,19996.0
4,19994.0
4,19994.0
4,20584.0
4,20583.0
4,20583.0
4,20582.0
4,20582.0
4,20579.0
4,20579.0
4,20579.0
4,20579.0
4,20579.0
4,20579.0
4,20579.0
4,20579.0
4,20579.0
4,20579.0
4,20579.0
4,20579.0
4,20579.0
4,20579.0
4,20579.0
4,20579.0
4,20579.0
4,20579.0
4,20579.0
4,20579.0
4,20579.0
4,20579.0
4,20579.0
4,20917.0
4,20889.0
4,21068.0
4,21064.0
4,21063.0
4,21063.0
4,21063.0
4,21063.0
4,21063.0
4,21063.0
4,21063.0
4,21063.0
4,21063.0
4,21063.0
4,21063.0
4,21063.0
4,21063.0
4,21063.0
4,21063.0
4,21063.0
4,21063.0
4,21063.0
4,21063.0
4,21063.0
4,21063.0
4,21063.0
4,21063.0
4,21287.0
4,21283.0
4,21283.0
4,21283.0
4,21283.0
4,21283.0
4,21283.0
4,21283.0
4,21283.0
4,21283.0
4,21283.0
4,21283.0
4,21251.0
4,21251.0
4,22144.0
4,22112.0
4,22112.0
4,22358.0
4,22358.0
4,23190.0
4,23189.0
4,23189.0
4,23189.0
4,23189.0
4,23189.0
4,23189.0
4,23189.0
4,23189.0
4,23189.0
4,23189.0
4,23189.0
4,23189.0
4,23189.0
4,23189.0
4,23189.0
4,23512.0
4,23512.0
4,24297.0
4,24297.0
4,24296.0
4,24600.0
4,24600.0
4,24600.0
4,24600.0
4,24600.0
4,24600.0
4,24600.0
4,24600.0
4,24600.0
4,24600.0
4,24600.0
4,24600.0
4,24600.0
4,24600.0
4,24600.0
4,24600.0
4,24600.0
4,24600.0
4,24600.0
4,24600.0
4,24600.0
4,24600.0
4,24600.0
4,24600.0
4,24600.0
4,24600.0
4,24600.0
4,24600.0
4,24600.0
4,24600.0
4,24600.0
4,24600.0
4,24600.0
4,24600.0
4,24561.0
4,24713.0
4,24713.0
4,24712.0
4,24712.0
4,24712.0
4,24712.0
4,24712.0
4,24712.0
4,24712.0
4,24712.0
4,24712.0
4,24712.0
4,24712.0
4,24712.0
4,24712.0
4,24712.0
4,24712.0
4,24712.0
4,24712.0
4,24712.0
4,24712.0
4,24712.0
4,24712.0
4,24712.0
4,24712.0
4,24712.0
4,24712.0
4,24712.0
4,25510.0
4,25510.0
4,25510.0
4,25510.0
4,25510.0
4,25485.0
4,25485.0
4,25598.0
4,25598.0
4,25598.0
4,25598.0
4,25598.0
4,25598.0
4,25598.0
4,25598.0
4,25598.0
4,25598.0
4,25598.0
4,25598.0
4,25598.0
4,25598.0
4,25598.0
4,25598.0
4,25598.0
4,25598.0
4,25598.0
4,25598.0
4,25598.0
4,25598.0
4,25598.0
4,25598.0
4,25598.0
